data       hora tins tmax tmín urin urma tmín oins omax omin pins pmax pmin vel dir raj rad prec
15/01/2019 0000 24,1 24,1 22,8 96,0 96,0 96,0 23,4 23,4 22,1 988,5 988,5 982,2 1,1 86,0 2,9 0,0 0,0
15/01/2019 0100 23,6 24,5 23,6 95,0 96,0 95,0 22,8 23,8 22,8 994,2 994,2 988,5 0,7 4,0 2,9 0,0 0,0
15/01/2019 0200 23,6 23,7 23,3 95,0 95,0 95,0 22,7 22,9 22,4 996,0 996,0 994,2 0,5 8,0 2,4 0,0 0,0
15/01/2019 0300 23,3 23,6 23,2 95,0 95,0 94,0 22,3 22,7 22,3 997,5 997,5 996,0 0,6 106,0 2,1 0,0 0,0
15/01/2019 0400 23,4 23,7 23,1 94,0 95,0 94,0 22,5 22,8 22,2 998,4 998,4 997,5 0,7 341,0 3,4 0,0 0,0
15/01/2019 0500 23,9 24,0 23,4 94,0 94,0 94,0 22,9 22,9 22,4 998,6 998,8 998,4 0,9 21,0 2,7 0,0 0,0
15/01/2019 0600 24,1 24,1 23,9 94,0 94,0 94,0 23,1 23,1 22,9 998,2 998,9 998,2 1,2 36,0 3,3 0,0 0,0
15/01/2019 0700 24,0 24,2 24,0 94,0 94,0 94,0 22,9 23,2 22,9 997,1 998,5 997,1 0,8 23,0 3,0 0,0 0,0
15/01/2019 0800 23,7 24,0 23,7 93,0 94,0 93,0 22,6 23,0 22,6 996,0 997,3 995,9 0,7 13,0 2,7 0,0 0,0
15/01/2019 0900 23,3 23,7 23,3 94,0 94,0 93,0 22,3 22,6 22,3 995,7 996,2 995,7 0,5 356,0 2,0 0,0 0,0
15/01/2019 1000 24,2 24,2 23,3 94,0 95,0 94,0 23,2 23,2 22,3 997,9 997,9 995,7 0,2 69,0 1,3 139,40 0,0
15/01/2019 1100 25,7 25,8 24,2 84,0 94,0 84,0 22,9 23,5 22,9 1001,8 1001,8 997,9 0,7 13,0 2,1 484,70 0,0
15/01/2019 1200 28,2 28,2 25,6 75,0 85,0 75,0 23,4 23,8 22,3 1005,5 1005,8 1001,8 1,1 24,0 4,8 1491,00 0,0
15/01/2019 1300 29,2 29,2 27,0 72,0 80,0 72,0 23,7 24,2 22,3 1005,1 1006,5 1005,1 1,7 11,0 5,7 2195,00 0,0
15/01/2019 1400 30,3 30,5 29,1 68,0 73,0 66,0 23,8 24,4 22,8 1003,2 1005,7 1003,2 2,5 359,0 7,8 2684,60 0,0
15/01/2019 1500 31,4 31,4 29,8 66,0 73,0 63,0 24,2 25,1 23,1 1002,2 1003,3 1002,1 3,2 351,0 7,5 3364,00 0,2
15/01/2019 1600 31,6 32,0 31,0 64,0 66,0 61,0 23,8 24,7 22,8 1000,0 1002,5 1000,0 3,5 347,0 9,4 3155,80 0,0
15/01/2019 1700 31,2 32,4 31,2 64,0 66,0 59,0 23,6 24,8 22,9 996,9 1000,0 996,9 3,4 331,0 9,1 2605,50 0,0
15/01/2019 1800 31,5 32,0 31,1 65,0 67,0 62,0 24,3 24,5 23,3 994,7 996,9 994,3 2,9 329,0 9,0 2139,00 0,0
15/01/2019 1900 31,5 32,2 31,3 65,0 67,0 62,0 24,0 24,9 23,7 993,9 994,9 993,9 2,9 333,0 9,1 1985,40 0,0
15/01/2019 2000 31,5 32,2 31,5 62,0 66,0 61,0 23,3 24,7 23,2 991,4 994,0 991,4 3,4 310,0 9,6 1506,10 0,0
15/01/2019 2100 30,3 31,5 30,3 70,0 70,0 62,0 24,2 24,3 23,3 987,4 991,4 987,4 2,2 294,0 9,6 497,80 0,0
15/01/2019 2200 29,5 30,4 29,5 72,0 72,0 67,0 24,0 24,1 23,6 988,1 988,1 987,4 2,1 291,0 6,8 350,60 0,0
15/01/2019 2300 28,2 29,5 28,2 78,0 78,0 72,0 24,0 24,0 23,7 987,5 988,4 987,4 1,6 295,0 5,2 75,70 0,0
16/01/2019 0000 27,1 28,2 26,9 86,0 86,0 78,0 24,4 24,5 23,9 987,9 987,9 987,5 1,0 339,0 3,4 0,0 0,0
16/01/2019 0100 25,5 27,1 25,5 84,0 88,0 81,0 22,7 24,7 22,7 989,4 989,6 987,9 2,7 340,0 8,0 0,0 0,0
16/01/2019 0200 24,6 25,6 24,4 85,0 86,0 82,0 21,9 22,7 21,8 989,6 989,6 989,4 2,7 341,0 6,0 0,0 0,0
16/01/2019 0300 24,3 24,6 24,3 88,0 88,0 85,0 22,1 22,2 21,8 990,7 990,7 989,7 1,2 298,0 5,2 0,0 0,0
16/01/2019 0400 24,0 24,3 23,7 92,0 92,0 88,0 22,5 22,5 22,2 991,6 991,6 990,7 1,2 333,0 4,0 0,0 0,0
16/01/2019 0500 24,0 24,1 24,0 92,0 92,0 91,0 22,6 22,6 22,5 993,0 993,0 991,6 0,9 301,0 3,1 0,0 0,0
16/01/2019 0600 23,8 24,2 23,8 89,0 92,0 89,0 21,9 22,7 21,9 993,2 993,5 993,0 1,0 272,0 3,3 0,0 0,0
16/01/2019 0700 23,4 23,8 23,4 90,0 90,0 89,0 21,7 21,9 21,7 993,3 993,5 993,1 1,6 292,0 3,8 0,0 0,0
16/01/2019 0800 23,2 23,4 23,2 90,0 91,0 90,0 21,5 21,7 21,5 993,5 993,6 993,3 1,5 283,0 3,9 0,0 0,0
16/01/2019 0900 22,7 23,2 22,7 90,0 91,0 89,0 21,0 21,5 21,0 993,3 993,9 993,3 1,2 290,0 3,5 0,0 0,0
16/01/2019 1000 23,0 23,0 22,6 89,0 90,0 88,0 21,0 21,1 20,7 995,3 995,3 993,3 1,1 292,0 3,2 115,60 0,0
16/01/2019 1100 24,2 24,5 23,0 82,0 89,0 82,0 21,0 21,3 20,9 1001,3 1001,3 995,3 1,9 295,0 5,0 657,90 0,0
16/01/2019 1200 25,2 25,4 24,2 75,0 84,0 75,0 20,4 21,7 20,4 1003,0 1004,2 1001,3 2,2 296,0 5,6 1272,50 0,0
16/01/2019 1300 25,4 26,0 24,9 74,0 79,0 73,0 20,4 21,7 20,0 1003,2 1003,7 1003,0 2,2 281,0 5,6 1714,40 0,0
16/01/2019 1400 27,2 27,3 25,4 69,0 76,0 68,0 21,1 21,9 20,0 1003,8 1004,0 1003,2 2,4 305,0 6,2 2688,80 0,0
16/01/2019 1500 27,6 28,5 26,7 65,0 70,0 62,0 20,5 21,8 19,6 1002,8 1005,1 1002,8 2,1 299,0 5,8 2675,20 0,0
16/01/2019 1600 27,6 28,3 26,5 64,0 72,0 63,0 20,1 22,1 19,8 1000,4 1002,9 999,2 1,5 292,0 4,9 1886,10 0,0
16/01/2019 1700 27,0 27,6 26,5 74,0 76,0 64,0 22,0 22,6 20,2 999,1 1001,1 998,4 1,6 343,0 3,8 1711,40 0,0
16/01/2019 1800 27,0 27,5 26,3 71,0 74,0 69,0 21,4 21,9 20,4 995,6 999,2 995,6 2,3 337,0 4,8 1629,00 0,0
16/01/2019 1900 26,1 27,0 25,7 84,0 85,0 71,0 23,2 23,2 21,2 994,0 995,8 993,9 2,8 341,0 6,7 1445,30 0,0
16/01/2019 2000 25,0 26,1 24,7 85,0 88,0 81,0 22,3 22,9 21,9 991,5 994,1 991,3 2,3 335,0 5,7 1024,00 0,0
16/01/2019 2100 25,3 25,4 24,6 85,0 87,0 83,0 22,5 22,7 22,0 993,0 993,0 991,6 0,8 8,0 4,7 768,00 0,0
16/01/2019 2200 24,8 25,3 24,8 87,0 87,0 82,0 22,4 22,6 21,6 992,1 993,4 992,1 0,7 335,0 3,0 337,80 0,0
16/01/2019 2300 24,5 24,8 24,5 90,0 90,0 86,0 22,8 22,8 22,4 991,6 992,3 991,5 0,6 53,0 2,0 63,10 0,0
17/01/2019 0000 24,2 24,6 24,2 92,0 92,0 90,0 22,8 22,9 22,7 992,7 992,7 991,6 0,3 91,0 1,8 0,0 0,0
17/01/2019 0100 24,4 24,5 24,1 91,0 93,0 91,0 22,8 23,0 22,8 994,7 994,7 992,7 0,9 43,0 2,4 0,0 0,0
17/01/2019 0200 23,7 24,4 23,7 94,0 94,0 91,0 22,6 22,8 22,6 995,3 995,4 994,7 0,6 84,0 2,4 0,0 0,0
17/01/2019 0300 23,4 23,8 23,3 95,0 95,0 94,0 22,6 22,8 22,4 996,1 996,1 995,3 0,4 80,0 1,4 0,0 0,0
17/01/2019 0400 23,2 23,6 23,0 95,0 95,0 95,0 22,4 22,7 22,2 996,7 996,7 996,1 0,9 144,0 2,1 0,0 0,0
17/01/2019 0500 23,2 23,4 23,2 95,0 95,0 95,0 22,4 22,6 22,4 997,1 997,1 996,7 1,1 145,0 2,1 0,0 0,0
17/01/2019 0600 23,1 23,5 23,1 95,0 95,0 95,0 22,2 22,6 22,2 996,6 997,4 996,6 1,1 153,0 2,4 0,0 0,0
17/01/2019 0700 23,1 23,3 23,1 95,0 95,0 95,0 22,2 22,4 22,2 996,8 996,9 996,6 0,8 143,0 2,2 0,0 0,0
17/01/2019 0800 22,4 23,4 22,4 92,0 95,0 92,0 21,0 22,6 21,0 997,2 997,5 996,8 2,0 37,0 5,0 0,0 0,4
17/01/2019 0900 21,9 22,4 21,8 94,0 94,0 91,0 20,8 20,9 20,5 995,4 997,2 995,3 1,4 124,0 5,0 0,0 0,4
17/01/2019 1000 22,3 22,3 21,8 95,0 95,0 94,0 21,4 21,5 20,7 996,3 996,3 995,4 1,1 174,0 2,8 15,10 1,4
17/01/2019 1100 22,4 22,4 22,1 96,0 96,0 95,0 21,7 21,7 21,3 997,6 997,6 996,3 1,0 177,0 2,8 39,30 1,2
17/01/2019 1200 22,6 22,7 22,4 96,0 96,0 95,0 21,9 21,9 21,6 999,1 999,1 997,6 1,5 108,0 2,8 112,00 1,8
17/01/2019 1300 22,7 22,7 22,6 95,0 96,0 95,0 21,9 21,9 21,7 999,1 999,4 998,9 1,2 72,0 5,6 101,30 3,8
17/01/2019 1400 22,6 22,7 22,4 96,0 96,0 95,0 21,9 21,9 21,6 998,8 999,5 998,8 3,8 110,0 8,7 55,20 9,0
17/01/2019 1500 22,3 22,8 22,3 96,0 96,0 96,0 21,6 22,1 21,6 998,9 999,1 998,8 3,7 105,0 9,1 69,10 10,4
17/01/2019 1600 22,7 22,7 22,3 95,0 96,0 95,0 21,8 22,0 21,6 998,8 999,2 998,7 3,3 104,0 8,4 125,60 0,2
17/01/2019 1700 22,8 22,8 22,6 94,0 95,0 94,0 21,8 21,9 21,6 998,7 999,1 998,6 4,1 122,0 9,8 92,20 0,4
17/01/2019 1800 21,0 22,9 21,0 96,0 96,0 94,0 20,3 21,9 20,3 997,4 999,0 997,4 6,7 122,0 15,7 73,80 15,4
17/01/2019 1900 22,0 22,0 21,0 94,0 96,0 94,0 21,0 21,2 20,3 998,6 998,6 996,7 3,9 123,0 15,7 741,40 0,8
17/01/2019 2000 22,7 22,9 22,0 91,0 94,0 89,0 21,1 21,4 20,9 1001,1 1001,8 998,6 4,4 118,0 10,5 1053,30 0,0
17/01/2019 2100 23,1 23,1 22,7 89,0 91,0 89,0 21,1 21,3 21,1 999,6 1001,2 999,6 5,0 115,0 10,8 484,80 0,0
17/01/2019 2200 22,7 23,1 22,6 92,0 92,0 89,0 21,4 21,4 21,1 998,0 999,7 997,7 3,3 118,0 9,6 222,50 0,6
17/01/2019 2300 22,4 22,7 22,4 92,0 92,0 91,0 21,1 21,4 21,1 998,1 998,4 998,0 3,6 102,0 11,0 45,30 0,0
18/01/2019 0000 22,0 22,5 22,0 92,0 92,0 90,0 20,6 21,1 20,5 998,0 998,4 997,9 3,6 93,0 8,8 0,0 0,0
18/01/2019 0100 21,8 22,2 21,7 91,0 92,0 88,0 20,2 20,6 19,9 997,9 998,3 997,9 4,7 87,0 10,7 0,0 0,0
18/01/2019 0200 22,1 22,2 21,8 91,0 91,0 91,0 20,6 20,7 20,2 999,1 999,1 997,9 4,2 86,0 10,7 0,0 0,0
18/01/2019 0300 21,3 22,1 21,3 89,0 92,0 89,0 19,4 20,6 19,4 997,8 999,4 997,8 3,2 95,0 9,7 0,0 0,0
18/01/2019 0400 20,9 21,3 20,9 91,0 91,0 89,0 19,4 19,5 19,4 996,7 998,0 996,6 2,9 100,0 6,6 0,0 0,0
18/01/2019 0500 20,8 20,9 20,8 92,0 92,0 91,0 19,5 19,5 19,4 996,7 997,0 996,6 2,6 117,0 6,1 0,0 0,0
18/01/2019 0600 21,0 21,0 20,8 92,0 92,0 92,0 19,7 19,7 19,5 997,2 997,2 996,7 2,6 114,0 5,9 0,0 0,0
18/01/2019 0700 21,0 21,1 21,0 93,0 93,0 92,0 19,8 19,9 19,7 997,1 997,5 997,1 2,5 125,0 5,4 0,0 0,0
18/01/2019 0800 20,7 21,0 20,6 95,0 95,0 93,0 19,9 19,9 19,7 995,7 997,3 995,5 1,3 111,0 7,1 0,0 1,2
18/01/2019 0900 20,6 20,8 20,6 95,0 95,0 95,0 19,8 19,9 19,8 995,8 996,1 995,7 3,1 112,0 5,9 0,0 2,0
18/01/2019 1000 20,6 20,8 20,4 96,0 96,0 95,0 20,0 20,0 19,8 996,6 996,6 995,8 1,8 84,0 8,5 2,00 19,0
18/01/2019 1100 20,6 20,8 20,5 96,0 96,0 96,0 20,0 20,1 19,9 996,9 997,0 996,6 2,2 158,0 6,9 27,70 2,8
18/01/2019 1200 20,6 20,7 20,5 96,0 96,0 96,0 20,0 20,1 19,9 997,3 997,3 996,8 2,9 99,0 6,4 38,00 7,2
18/01/2019 1300 21,1 21,1 20,6 96,0 96,0 96,0 20,4 20,4 20,0 998,9 998,9 997,3 1,6 119,0 6,4 202,10 4,0
18/01/2019 1400 21,3 21,4 21,0 95,0 96,0 95,0 20,5 20,7 20,4 1000,1 1000,1 998,9 1,4 129,0 3,5 298,20 0,0
18/01/2019 1500 21,8 21,8 21,2 95,0 95,0 95,0 21,0 21,0 20,4 1000,2 1000,4 999,9 1,3 124,0 4,3 399,80 0,2
18/01/2019 1600 22,3 22,3 21,7 93,0 95,0 93,0 21,1 21,3 20,8 1001,5 1001,5 1000,2 1,8 109,0 4,1 616,90 0,0
18/01/2019 1700 25,2 25,5 22,3 83,0 94,0 83,0 22,0 23,2 21,3 1008,3 1008,3 1001,5 1,0 65,0 4,1 1905,40 0,0
18/01/2019 1800 25,4 26,3 25,1 82,0 85,0 78,0 22,0 22,9 21,5 1005,7 1010,9 1005,7 1,3 325,0 3,8 1867,00 0,0
18/01/2019 1900 23,8 25,5 23,8 92,0 92,0 81,0 22,4 22,7 21,7 994,9 1005,7 994,9 1,4 238,0 3,3 644,20 0,6
18/01/2019 2000 22,9 24,2 22,9 91,0 93,0 90,0 21,4 23,0 21,4 993,3 994,9 993,3 2,7 215,0 6,6 748,30 0,0
18/01/2019 2100 21,3 22,9 21,3 93,0 94,0 91,0 20,1 21,4 20,1 988,1 993,3 988,1 3,3 181,0 10,0 558,90 0,0
18/01/2019 2200 20,4 21,3 20,4 91,0 93,0 91,0 18,9 20,0 18,9 989,4 989,4 988,1 4,4 172,0 9,8 298,60 0,0
18/01/2019 2300 18,8 20,4 18,8 89,0 93,0 88,0 17,0 18,8 16,9 989,9 989,9 989,4 3,7 171,0 10,9 45,40 0,0
19/01/2019 0000 18,6 18,9 18,6 88,0 90,0 86,0 16,5 17,1 16,3 993,5 993,5 989,9 4,2 162,0 11,6 0,0 0,0
19/01/2019 0100 18,3 18,6 18,3 87,0 88,0 87,0 16,2 16,5 16,1 996,0 996,0 993,5 5,6 162,0 11,8 0,0 0,0
19/01/2019 0200 18,2 18,4 18,1 86,0 87,0 85,0 15,7 16,1 15,7 998,0 998,0 996,0 4,3 155,0 12,3 0,0 0,0
19/01/2019 0300 18,3 18,3 18,1 84,0 87,0 84,0 15,6 15,8 15,6 999,3 999,3 998,0 3,8 154,0 10,2 0,0 0,0
19/01/2019 0400 17,9 18,3 17,9 86,0 86,0 84,0 15,5 15,7 15,3 999,7 999,7 999,3 4,0 161,0 11,1 0,0 0,0
19/01/2019 0500 16,8 17,9 16,8 93,0 93,0 85,0 15,6 15,6 15,4 998,2 1000,0 998,2 3,3 165,0 9,5 0,0 0,0
19/01/2019 0600 16,6 16,8 16,6 95,0 95,0 93,0 15,8 15,8 15,7 998,0 998,4 997,8 3,3 165,0 8,9 0,0 0,2
19/01/2019 0700 16,6 16,6 16,5 96,0 96,0 95,0 15,9 15,9 15,8 999,1 999,1 998,0 3,2 167,0 7,8 0,0 0,2
19/01/2019 0800 16,7 16,7 16,5 95,0 96,0 95,0 16,0 16,0 15,8 1000,0 1000,0 999,1 3,6 166,0 8,1 0,0 0,0
19/01/2019 0900 17,1 17,1 16,7 94,0 95,0 94,0 16,1 16,2 16,0 1001,1 1001,1 1000,0 3,7 162,0 7,9 0,0 0,0
19/01/2019 1000 17,3 17,3 17,0 91,0 94,0 91,0 15,8 16,1 15,8 1002,2 1002,2 1001,1 3,0 155,0 7,3 71,10 0,0
19/01/2019 1100 17,8 17,8 17,3 88,0 91,0 87,0 15,9 15,9 15,6 1004,7 1004,7 1002,2 2,7 145,0 8,5 299,20 0,0
19/01/2019 1200 17,9 18,0 17,7 88,0 89,0 86,0 16,0 16,0 15,6 1005,4 1005,7 1004,7 3,0 135,0 8,6 583,60 0,0
19/01/2019 1300 19,1 19,2 18,0 82,0 88,0 82,0 16,1 16,3 15,7 1007,6 1007,6 1004,6 3,5 123,0 9,3 930,70 0,0
19/01/2019 1400 20,2 20,3 19,1 80,0 84,0 78,0 16,7 16,7 15,9 1010,5 1010,5 1007,7 3,1 124,0 8,5 1475,80 0,0
19/01/2019 1500 21,0 21,0 19,7 76,0 81,0 75,0 16,6 16,8 16,0 1009,6 1011,0 1009,4 3,7 124,0 9,4 1662,10 0,0
19/01/2019 1600 21,4 22,0 20,8 74,0 77,0 71,0 16,4 17,1 15,8 1007,9 1009,8 1007,9 3,9 114,0 9,4 1580,20 0,0
19/01/2019 1700 22,2 22,2 21,3 73,0 76,0 71,0 17,2 17,6 16,4 1006,7 1007,9 1006,5 3,0 124,0 7,6 1338,90 0,0
19/01/2019 1800 22,3 22,8 22,1 70,0 74,0 69,0 16,5 17,4 16,4 1005,6 1007,5 1005,6 4,0 115,0 7,7 1361,40 0,0
19/01/2019 1900 23,1 23,2 22,1 70,0 74,0 68,0 17,3 17,6 16,4 1004,4 1005,6 1003,1 3,0 126,0 8,5 1140,20 0,0
19/01/2019 2000 21,8 23,6 20,9 77,0 82,0 66,0 17,6 17,7 16,6 1000,7 1006,3 1000,6 1,8 135,0 12,3 1242,70 0,0
19/01/2019 2100 22,2 23,3 21,8 74,0 77,0 67,0 17,3 18,2 16,6 1002,5 1003,5 1000,7 2,4 122,0 8,4 1166,00 0,0
19/01/2019 2200 21,6 22,4 21,6 76,0 76,0 71,0 17,1 17,4 16,8 999,1 1002,5 999,1 2,6 124,0 7,6 319,70 0,0
19/01/2019 2300 20,7 21,6 20,5 81,0 81,0 75,0 17,3 17,3 16,9 997,2 999,1 996,9 2,2 146,0 9,1 36,70 0,0
20/01/2019 0000 20,3 20,7 20,3 82,0 83,0 81,0 17,2 17,5 17,2 999,1 999,1 997,2 2,6 122,0 6,8 0,0 0,0
20/01/2019 0100 20,2 20,4 20,1 83,0 84,0 81,0 17,3 17,3 17,0 1000,9 1000,9 999,1 2,2 122,0 6,8 0,0 0,0
20/01/2019 0200 19,6 20,2 19,6 83,0 83,0 82,0 16,6 17,2 16,6 1001,7 1001,8 1000,9 3,5 117,0 7,1 0,0 0,0
20/01/2019 0300 19,3 19,6 19,2 84,0 85,0 83,0 16,6 16,6 16,5 1001,6 1001,9 1001,1 2,8 116,0 7,0 0,0 0,0
20/01/2019 0400 18,9 19,4 18,9 85,0 85,0 83,0 16,2 16,6 16,2 1002,1 1002,5 1001,6 2,6 117,0 6,6	0,0 0,0
20/01/2019 0500 18,0 18,9 18,0 88,0 88,0 85,0 16,0 16,3 15,9 1000,0 1002,1 1000,0 1,4 133,0 6,3 0,0 0,0
20/01/2019 0600 18,5 18,5 18,0 85,0 88,0 85,0 16,0 16,2 16,0 1001,4 1001,4 1000,0 1,9 126,0 5,6 0,0 0,0
20/01/2019 0700 18,7 18,7 18,5 84,0 85,0 83,0 15,9 16,0 15,8 1002,5 1002,5 1001,4 2,8 120,0 6,5 0,0 0,0
20/01/2019 0800 18,5 18,7 18,5 85,0 85,0 84,0 15,9 16,0 15,9 1002,2 1002,8 1002,2 3,4 119,0 7,1 0,0 0,0
20/01/2019 0900 18,4 18,5 18,4 86,0 86,0 85,0 16,1 16,1 15,9 1002,0 1002,5 1001,9 3,6 117,0 6,9 0,0 0,0
20/01/2019 1000 18,5 18,5 18,4 86,0 86,0 86,0 16,1 16,1 16,0 1002,9 1002,9 1002,0 3,2 118,0 7,0 95,00 0,0
20/01/2019 1100 19,3 19,3 18,5 83,0 86,0 83,0 16,3 16,4 16,0 1005,4 1005,4 1002,9 3,2 116,0 7,5 479,90 0,0
20/01/2019 1200 21,1 21,2 19,3 77,0 83,0 76,0 17,0 17,1 16,1 1009,5 1009,5 1005,4 3,7 98,0 8,5 1356,00 0,0
20/01/2019 1300 22,1 22,7 21,0 73,0 78,0 71,0 17,0 17,9 16,5 1011,4 1011,6 1009,6 3,6 98,0 9,1 2110,80 0,0
20/01/2019 1400 23,0 23,9 21,9 70,0 75,0 68,0 17,3 18,5 16,8 1010,2 1012,0 1010,2 3,3 98,0 8,1 2814,90 0,0
20/01/2019 1500 23,8 24,6 23,0 70,0 75,0 66,0 17,9 18,8 17,1 1008,3 1010,8 1008,3 3,4 93,0 8,6 2924,20 0,0
20/01/2019 1600 24,6 25,4 23,3 69,0 73,0 64,0 18,6 19,3 16,7 1005,5 1008,5 1005,5 2,9 96,0 8,2 3117,80 0,0
20/01/2019 1700 25,1 26,3 23,8 65,0 70,0 62,0 18,1 19,8 17,1 1005,5 1005,7 1004,4 2,9 91,0 6,9 3044,40 0,0
20/01/2019 1800 25,5 25,8 24,5 65,0 68,0 61,0 18,3 18,7 17,1 1003,1 1005,9 1003,1 3,1 108,0 7,0 2368,80 0,0
20/01/2019 1900 25,6 26,4 24,9 62,0 66,0 59,0 17,6 19,3 17,0 1003,0 1003,3 1002,7 2,8 103,0 6,3 2624,00 0,0
20/01/2019 2000 26,3 26,7 25,6 60,0 64,0 54,0 17,8 18,5 16,2 999,7 1003,0 999,7 2,4 120,0 5,8 2595,80 0,0
20/01/2019 2100 26,1 26,6 25,2 61,0 63,0 57,0 18,1 18,4 16,7 998,1 1000,0 998,0 2,6 103,0 5,7 1611,10 0,0
20/01/2019 2200 24,8 26,3 24,8 66,0 66,0 60,0 18,0 18,8 17,5 994,2 998,6 994,2 2,0 98,0 5,7 643,10 0,0
20/01/2019 2300 22,6 24,8 22,6 78,0 78,0 66,0 18,5 18,7 17,9 989,4 994,2 989,4 1,2 115,0 3,8 61,70 0,00
21/01/2019 0000 20,7 22,6 20,7 88,0 88,0 78,0 18,7 18,8 18,4 988,7 989,4 988,3 0,5 134,0 2,0 0,0 0,0
21/01/2019 0100 19,8 20,7 19,8 91,0 92,0 88,0 18,4 18,8 18,3 991,3 991,3 988,7 0,8 169,0 1,9 0,0 0,0
21/01/2019 0200 19,2 19,8 19,1 94,0 94,0 91,0 18,2 18,4 18,1 993,9 993,9 991,3 0,7 174,0 1,6 0,0 0,0
21/01/2019 0300 18,7 19,7 18,7 95,0 95,0 92,0 17,9 18,6 17,8 995,8 995,8 993,9 0,9 187,0 1,6 0,0 0,0
21/01/2019 0400 18,8 19,2 18,7 94,0 95,0 94,0 17,9 18,3 17,8 997,2 997,2 995,8 0,8 151,0 2,0 0,0 0,0
21/01/2019 0500 19,6 19,7 18,4 92,0 95,0 91,0 18,2 18,5 17,4 998,5 998,5 997,2 1,6 115,0 3,8 0,0 0,0
21/01/2019 0600 20,2 20,4 19,6 93,0 93,0 91,0 18,9 19,0 18,4 1000,2 1000,2 998,5 2,2 97,0 4,9 0,0 0,0
21/01/2019 0700 19,9 20,3 19,8 94,0 94,0 92,0 18,9 19,1 18,8 999,5 1000,5 999,5 1,8 121,0 5,8 0,0 0,0
21/01/2019 0800 20,0 20,1 19,9 94,0 94,0 94,0 19,1 19,1 18,8 999,4 999,7 999,4 2,2 110,0 4,9 0,0 0,0
21/01/2019 0900 20,0 20,1 19,9 94,0 95,0 94,0 19,1 19,1 19,0 999,3 999,7 999,3 2,0 116,0 5,0 0,0 0,0
21/01/2019 1000 20,2 20,2 20,0 94,0 95,0 94,0 19,3 19,3 19,1 1000,1 1000,1 999,4 1,9 106,0 4,0 96,10 0,0
21/01/2019 1100 21,3 21,3 20,2 92,0 94,0 92,0 20,0 20,0 19,2 1003,7 1003,7 1000,1 1,1 77,0 4,2 483,10 0,0
21/01/2019 1200 22,0 22,5 21,0 86,0 92,0 86,0 19,5 20,5 19,5 1006,9 1006,9 1003,7 1,4 95,0 3,7 929,50 0,0
21/01/2019 1300	25,3 25,3 21,9 77,0 89,0 77,0 21,0 21,5 19,6 1011,0 1011,0 1007,0 1,3 106,0 3,3 2021,90 0,0
21/01/2019 1400 26,7 26,7 24,6 72,0 79,0 72,0 21,3 21,8 19,9 1010,5 1012,1 1010,3 0,7 51,0 3,3 2450,10 0,0
21/01/2019 1500 27,6 28,2 25,4 64,0 76,0 64,0 20,2 22,1 20,2 1006,9 1010,8 1006,8 1,4 187,0 3,3 2223,90 0,0
21/01/2019 1600 28,5 29,0 27,0 51,0 66,0 51,0 17,4 20,4 17,4 1006,3 1007,0 1006,3 1,7 128,0 4,1 3902,60 0,0
21/01/2019 1700 29,8 29,8 27,4 48,0 58,0 47,0 17,5 19,4 15,9 1002,8 1006,3 1002,1 1,7 286,0 4,1 2541,30 0,0
21/01/2019 1800 29,5 30,7 28,7 48,0 56,0 44,0 17,2 19,5 16,1 1003,9 1004,2 1002,8 1,7 193,0 3,7 3488,40 0,0
21/01/2019 1900 30,6 30,7 29,1 46,0 53,0 44,0 17,6 19,3 16,2 1000,9 1003,9 1000,5 1,2 42,0 3,5 2631,40 0,0
21/01/2019 2000 29,9 31,1 29,2 55,0 56,0 44,0 19,9 20,9 16,6 1000,8 1003,1 1000,8 0,7 17,0 3,6 2347,60 0,0
21/01/2019 2100 28,7 30,4 28,1 60,0 62,0 51,0 20,2 20,5 19,0 994,4 1001,0 994,4 1,2 56,0 4,5 877,80 0,0
21/01/2019 2200 27,4 28,7 27,4 63,0 66,0 59,0 19,7 21,1 19,5 991,5 994,5 991,5 1,0 84,0 2,7 377,90 0,0
21/01/2019 2300 24,6 27,4 24,6 74,0 74,0 63,0 19,6 20,2 19,6 987,4 991,5 987,4 0,9 105,0 2,1 46,70 0,0
22/01/2019 0000 23,9 24,7 23,9 74,0 75,0 73,0 19,0 19,6 18,9 988,4 988,4 987,0 0,9 100,0 1,9 0,0 0,0
22/01/2019 0100 22,9 23,9 22,7 77,0 77,0 74,0 18,5 19,0 18,5 992,0 992,0 988,4 1,3 111,0 2,1 0,0, 0,0
22/01/2019 0200 21,7 23,0 21,7 81,0 82,0 76,0 18,3 18,5 18,3 994,4 994,4 992,0 0,7 101,0 2,1 0,0 0,0
22/01/2019 0300 21,5 22,3 21,3 80,0 82,0 78,0 17,9 18,6 17,9 996,2 996,2 994,4 1,1 78,0 2,4 0,0 0,0
22/01/2019 0400 21,6 21,6 20,5 85,0 87,0 80,0 18,9 18,9 17,9 996,8 996,8 996,2 0,8 77,0 2,4 0,0 0,0
22/01/2019 0500 20,8 21,7 20,8 88,0 88,0 84,0 18,8 19,1 18,7 997,9 997,9 996,8 0,8 90,0 2,5 0,0 0,0
22/01/2019 0600 19,8 20,8 19,6 94,0 94,0 88,0 18,7 18,9 18,1 996,8 998,1 996,7 0,2 94,0 1,9 0,0 0,0
22/01/2019 0700 19,2 19,9 19,2 95,0 95,0 94,0 18,4 18,9 18,4 997,2 997,2 996,8 0,5 178,0 0,9 0,0 0,0
22/01/2019 0800 18,8 19,2 18,8 96,0 96,0 95,0 18,2 18,5 18,1 997,0 997,5 996,9 0,4 148,0 1,2 0,0 0,0
22/01/2019 0900 18,7 19,0 18,7 96,0 96,0 96,0 18,1 18,4 18,0 997,8 997,8 997,0 0,4 145,0 1,3 0,0 0,0
22/01/2019 1000 21,3 21,3 18,7 95,0 96,0 95,0 20,4 20,4 18,1 1004,7 1004,7 997,8 0,8 70,0 2,7 125,30 0,0
22/01/2019 1100 24,8 25,1 21,2 77,0 95,0 77,0 20,6 21,5 20,1 1011,5 1011,5 1004,7 1,0 63,0 2,5 692,20 0,0
22/01/2019 1200 26,4 26,8 24,7 70,0 80,0 69,0 20,4 22,1 20,1 1014,2 1014,6 1011,5 1,5 36,0 3,7 1785,50 0,0
22/01/2019 1300 29,4 29,4 26,2 62,0 73,0 58,0 21,4 22,0 20,0 1012,0 1014,2 1011,9 1,3 36,0 3,7 2576,30 0,0
22/01/2019 1400 30,2 30,3 29,3 54,0 62,0 52,0 19,7 21,8 19,3 1009,5 1012,3 1009,5 1,6 38,0 3,8 3207,40 0,0
22/01/2019 1500 31,4 31,6 30,2 54,0 61,0 51,0 21,0 22,9 19,9 1006,3 1009,6 1006,3 1,7 57,0 4,3 3644,20 0,0
22/01/2019 1600 32,2 32,3 30,6 56,0 58,0 50,0 22,4 22,7 19,0 1004,0 1006,4 1004,0 1,2 45,0 5,6 3843,80 0,0
22/01/2019 1700 32,3 32,7 31,7 53,0 58,0 48,0 21,6 22,7 19,9 1002,2 1004,1 1002,2 1,6 341,0 5,1 3828,20 0,0
22/01/2019 1800 33,2 33,3 32,0 47,0 57,0 46,0 20,5 22,9 19,8 1001,9 1002,5 1001,8 1,6 324,0 4,4 3553,10 0,0
22/01/2019 1900 33,4 33,9 32,9 51,0 53,0 44,0 21,9 22,1 19,7 1001,3 1002,3 1001,3 1,4 357,0 4,5 3100,10 0,0
22/01/2019 2000 33,1 34,1 32,8 45,0 51,0 44,0 19,7 21,9 19,4 998,7 1001,6 998,7 1,8 326,0 4,9 2303,10 0,0
22/01/2019 2100 32,9 33,6 32,7 46,0 51,0 45,0 19,7 21,5 19,7 998,2 998,9 998,2 0,8 2,0 3,8 1596,60 0,0
22/01/2019 2200 31,3 33,3 31,3 58,0 59,0 45,0 22,2 22,2 19,2 992,5 998,4 992,5 0,5 30,0 3,8 590,40 0,0
22/01/2019 2300 28,4 31,3 28,4 71,0 71,0 56,0 22,5 22,7 21,5 985,9 992,5 985,9 0,2 85,0 0,9 49,10 0,0
23/01/2019 0000 27,2 28,3 27,2 70,0 72,0 67,0 21,3 22,4 21,3 986,9 986,9 985,5 0,3 84,0 0,70,0 0,0
23/01/2019 0100 26,9 27,5 26,9 76,0 76,0 70,0 22,3 22,3 21,3 990,9 990,9 987,0 1,0 80,0 2,8 0,0 0,0
23/01/2019 0200 26,1 26,9 26,1 81,0 81,0 76,0 22,6 22,7 22,3 993,5 993,5 990,9 1,4 71,0 2,8 0,0 0,0
23/01/2019 0300 25,1 26,2 25,1 84,0 84,0 81,0 22,2 22,8 22,2 995,3 995,3 993,5 1,0 101,0 3,3 0,0 0,0
23/01/2019 0400 25,8 25,8 24,7 84,0 88,0 84,0 22,8 23,0 22,2 996,5 996,5 995,3 1,5 97,0 3,4 0,0 0,0
23/01/2019 0500 25,0 25,9 25,0 84,0 85,0 82,0 22,2 22,9 22,2 997,4 997,7 996,5 1,3 91,0 5,6 0,0 0,0
23/01/2019 0600 24,5 25,1 24,5 87,0 87,0 84,0 22,1 22,6 22,1 996,4 997,5 996,4 1,1 110,0 2,8 0,0 0,0
23/01/2019 0700 24,3 24,5 23,7 89,0 91,0 87,0 22,4 22,5 21,8 995,8 996,7 995,6 0,5 48,0 2,4 0,0 0,0
23/01/2019 0800 23,7 24,3 23,3 91,0 93,0 88,0 22,2 22,5 21,6 996,1 996,2 995,8 0,7 45,0 1,9 0,0 0,0
23/01/2019 0900 23,4 23,8 23,4 91,0 92,0 90,0 21,8 22,3 21,8 996,7 996,7 996,2 0,3 296,0 2,3 0,0 0,0
23/01/2019 1000 24,8 24,9 23,4 88,0 92,0 87,0 22,7 22,7 21,9 1001,7 1001,7 996,7 0,6 40,0 2,4 163,10 0,0
23/01/2019 1100 26,6 26,6 24,8 80,0 88,0 80,0 23,0 23,2 22,6 1004,4 1004,4 1001,7 0,7 76,0 2,4 513,80 0,0
23/01/2019 1200 28,1 28,1 26,6 77,0 83,0 76,0 23,7 24,0 22,9 1007,3 1007,3 1004,4 1,2 115,0 2,4 1053,50 0,0
23/01/2019 1300 29,6 29,6 28,0 72,0 78,0 71,0 24,0 24,2 23,1 1007,0 1007,9 1006,9 1,9 106,0 3,9 1414,50 0,0
23/01/2019 1400 31,2 31,4 29,6 68,0 74,0 65,0 24,5 24,7 23,6 1008,5 1008,5 1007,0 1,4 97,0 3,9 1908,90 0,0
23/01/2019 1500 30,4 31,6 30,1 73,0 73,0 61,0 25,0 25,0 23,2 1003,2 1009,0 1003,2 3,0 118,0 5,3 1914,20 0,0
23/01/2019 1600 28,8 30,5 28,8 75,0 76,0 70,0 24,0 25,0 23,7 996,0 1003,2 996,0 2,5 142,0 8,0 1585,90 0,0
23/01/2019 1700 25,5 28,8 25,5 78,0 78,0 73,0 21,5 23,9 21,5 988,7 996,0 988,7 3,2 132,0 9,5 353,80 0,0
23/01/2019 1800 22,7 25,5 22,7 85,0 86,0 77,0 20,0 21,4 19,9 984,1 988,7 983,7 2,4 147,0 8,5 99,30 0,8
23/01/2019 1900 20,5 22,7 20,5 91,0 91,0 85,0 19,0 20,1 18,9 988,4 988,4 984,1 5,7 172,0 9,9 21,70 3,4
23/01/2019 2000 19,2 20,5 19,2 95,0 95,0 91,0 18,3 19,4 18,0 993,0 993,0 988,4 4,0 179,0 10,5 17,20 11,0
23/01/2019 2100 19,6 20,0 19,2 89,0 95,0 86,0 17,8 18,4 17,5 995,7 995,7 993,0 2,8 86,0 9,9 23,40 5,4
23/01/2019 2200 19,7 19,9 19,5 93,0 94,0 89,0 18,6 18,8 17,8 998,3 998,3 995,7 1,1 211,0 6,3 63,90 0,6
23/01/2019 2300 19,8 20,3 19,5 92,0 94,0 90,0 18,6 18,9 18,4 999,8 999,9 998,3 0,8 11,0 3,3 23,20 0,0
24/01/2019 0000 19,6 20,0 19,5 94,0 94,0 92,0 18,6 18,7 18,6 999,0 1000,1 998,9 1,7 103,0 3,3 0,0 0,0
24/01/2019 0100 19,9 20,0 19,6 93,0 94,0 92,0 18,7 18,8 18,4 999,0 999,2 998,7 1,9 115,0 3,8 0,0 0,0
24/01/2019 0200 20,7 20,9 19,9 88,0 93,0 88,0 18,7 18,9 18,5 1000,9 1000,9 999,1 2,5 113,0 5,3 0,0 0,0
24/01/2019 0300 20,9 21,6 20,6 84,0 88,0 79,0 18,0 18,7 17,7 1000,6 1001,2 1000,6 2,0 85,0 6,7 0,0 0,0
24/01/2019 0400 20,8 21,1 20,5 88,0 89,0 84,0 18,6 19,0 18,0 1000,1 1000,8 1000,0 1,4 112,0 5,0 0,0 0,0
24/01/2019 0500 20,8 20,9 20,2 92,0 92,0 88,0 19,4 19,5 18,4 999,4 1000,3 999,4 1,3 123,0 3,0 0,0 0,0
24/01/2019 0600 20,1 20,8 19,9 94,0 94,0 91,0 19,2 19,4 18,6 998,5 999,6 998,5 1,0 148,0 2,9 0,0 0,0
24/01/2019 0700 21,0 21,0 20,1 96,0 96,0 94,0 20,3 20,3 19,4 999,3 999,3 998,5 1,5 125,0 3,3 0,0 0,0
24/01/2019 0800 21,2 21,5 20,8 95,0 96,0 95,0 20,5 20,7 20,0 1000,8 1000,8 999,3 0,9 139,0 3,8 0,0 0,0
24/01/2019 0900 22,4 22,5 21,3 95,0 96,0 95,0 21,5 21,5 20,5 1002,5 1002,5 1000,8 1,6 111,0 3,8 0,50 0,0
24/01/2019 1000 23,3 23,3 22,3 93,0 95,0 93,0 22,1 22,1 21,4 1003,7 1003,7 1002,5 1,6 115,0 4,4 100,30 0,0
24/01/2019 1100 23,9 23,9 23,3 91,0 93,0 90,0 22,3 22,4 22,1 1005,3 1005,3 1003,7 2,4 87,0 5,5 242,80 0,0
24/01/2019 1200 25,0 25,1 23,9 84,0 91,0 84,0 22,2 22,6 22,2 1008,2 1008,2 1005,3 3,2 100,0 6,7 825,30 0,0
24/01/2019 1300 26,7 26,9 25,0 77,0 86,0 77,0 22,4 23,3 22,2 1010,9 1010,9 1008,2 3,5 99,0 9,1 2067,00 0,0
24/01/2019 1400 27,7 28,4 26,1 74,0 81,0 72,0 22,7 23,4 22,0 1008,1 1011,2 1008,1 3,5 97,0 7,5 2896,90 0,0
24/01/2019 1500 28,7 29,5 27,7 69,0 76,0 68,0 22,5 24,1 22,5 1007,4 1008,2 1007,1 3,4 100,0 8,3 3534,40 0,0
24/01/2019 1600 29,4 29,9 28,7 69,0 74,0 67,0 23,0 24,1 22,8 1005,6 1007,7 1005,6 3,5 100,0 9,0 3755,40 0,0
24/01/2019 1700 30,5 30,9 29,1 65,0 72,0 64,0 23,2 24,4 22,5 1004,2 1005,9 1003,7 3,3 101,0 7,7 3669,00 0,0
24/01/2019 1800 30,4 30,8 29,8 62,0 68,0 61,0 22,2 23,7 22,0 1002,4 1004,3 1002,4 4,3 103,0 8,5 3552,00 0,0
24/01/2019 1900 31,0 31,3 30,3 61,0 64,0 60,0 22,5 23,6 22,0 1001,9 1002,9 1001,8 3,6 100,0 9,0 3162,90 0,0
24/01/2019 2000 31,1 31,3 30,7 59,0 63,0 58,0 22,2 23,2 21,7 1000,6 1002,3 1000,6 3,5 92,0 9,0 2417,00 0,0
24/01/2019 2100 30,6 31,1 30,6 60,0 61,0 57,0 22,0 22,7 21,5 998,7 1000,8 998,7 3,1 94,0 8,7 1660,80 0,0
24/01/2019 2200 29,2 30,7 29,2 64,0 64,0 59,0 21,6 22,3 21,4 993,7 998,8 993,7 2,9 100,0 7,5 577,20 0,0
24/01/2019 2300 27,1 29,3 27,1 71,0 71,0 63,0 21,4 21,7 21,4 990,1 993,7 990,1 1,3 103,0 6,3 55,20 0,0
25/01/2019 0000 26,4 27,1 26,2 74,0 75,0 71,0 21,5 21,6 21,4 991,3 991,3 990,0 1,8 103,0 4,2 0,0 0,0
25/01/2019 0100 26,4 26,8 26,2 74,0 75,0 72,0 21,4 21,5 21,2 995,8 995,8 991,3 3,1 100,0 7,1 0,0 0,0
25/01/2019 0200 25,6 26,4 25,6 77,0 77,0 74,0 21,2 21,4 21,2 997,7 997,7 995,8 4,5 93,0 10,8 0,0 0,0
25/01/2019 0300 24,7 25,6 24,7 81,0 81,0 77,0 21,2 21,3 21,2 997,6 998,0 997,5 4,2 97,0 9,9 0,0 0,0
25/01/2019 0400 24,1 24,8 24,0 83,0 84,0 81,0 21,1 21,3 21,0 997,5 997,9 997,5 4,5 100,0 10,0 0,0 0,0
25/01/2019 0500 23,1 24,1 23,1 88,0 88,0 83,0 21,0 21,2 21,0 996,9 997,9 996,9 2,4 97,0 8,9 0,0 0,0
25/01/2019 0600 23,0 23,2 22,9 88,0 89,0 88,0 20,9 21,2 20,9 997,3 997,3 996,9 3,7 109,0 8,5 0,0 0,0
25/01/2019 0700 22,9 23,0 22,7 89,0 90,0 88,0 20,9 21,0 20,8 997,5 997,7 997,3 3,6 96,0 10,6 0,0 0,0
25/01/2019 0800 22,8 23,0 22,8 89,0 89,0 88,0 20,9 21,0 20,9 998,2 998,2 997,5 3,6 89,0 10,4 0,0 0,0
25/01/2019 0900 22,6 22,9 22,6 90,0 90,0 89,0 21,0 21,1 20,9 998,0 998,5 997,9 3,7 100,0 8,9 0,0 0,0
25/01/2019 1000 23,4 23,4 22,6 88,0 91,0 88,0 21,3 21,3 20,9 1000,9 1000,9 998,0 2,5 98,0 8,4 96,80	0,0
25/01/2019 1100 24,1 24,1 23,4 85,0 88,0 85,0 21,4 21,6 21,3 1004,2 1004,2 1000,9 3,2 103,0 6,5 570,60 0,0
25/01/2019 1200 26,1 26,1 24,1 78,0 86,0 78,0 22,0 22,1 21,3 1006,9 1006,9 1004,3 3,1 97,0 8,0 1587,40 0,0
25/01/2019 1300 27,5 27,6 25,8 73,0 79,0 72,0 22,2 22,7 21,4 1006,5 1007,4 1006,5 3,0 82,0 7,2 2535,80 0,0
25/01/2019 1400 29,6 29,6 27,4 71,0 75,0 69,0 23,9 24,0 22,1 1006,1 1006,9 1005,8 2,4 87,0 6,5 3209,30 0,0
25/01/2019 1500 30,8 30,9 29,3 67,0 71,0 65,0 24,0 24,1 22,5 1005,5 1006,6 1005,5 2,3 76,0 6,3 3662,40 0,0
25/01/2019 1600 31,8 32,0 30,8 63,0 69,0 61,0 23,9 25,1 22,8 1004,4 1005,9 1004,3 2,4 78,0 5,4 3829,30 0,0
25/01/2019 1700 32,3 32,5 31,4 61,0 66,0 59,0 23,8 24,9 23,3 1001,6 1004,5 1001,6 2,3 95,0 5,7 3911,70 0,0
25/01/2019 1800 32,2 33,1 31,9 63,0 65,0 59,0 24,2 25,1 23,4 999,9 1001,9 999,9 2,2 87,0 5,6 2901,60 0,0
25/01/2019 1900 32,2 33,4 32,0 61,0 67,0 58,0 23,7 25,6 23,4 998,3 1000,1 998,3 1,8 76,0 5,4 2288,40 0,0
25/01/2019 2000 32,8 33,5 32,1 61,0 63,0 57,0 24,3 25,2 23,3 997,6 998,3 997,5 1,7 86,0 5,2 2079,50 0,0
25/01/2019 2100 32,3 33,3 31,5 61,0 65,0 57,0 23,8 24,6 23,4 995,0 997,9 995,0 2,3 92,0 5,2 1353,90 0,0
25/01/2019 2200 30,4 32,3 30,4 69,0 69,0 60,0 24,1 24,4 23,5 989,3 995,0 989,3 2,3 102,0 6,3 472,90 0,0
25/01/2019 2300 29,1 30,4 29,1 75,0 75,0 69,0 24,1 24,2 23,9 986,9 989,3 986,8 3,3 95,0 7,0 52,00 0,0
26/01/2019 0000 28,2 29,1 28,2 77,0 78,0 75,0 23,8 24,3 23,8 989,8 989,8 986,9 3,0 119,0 7,3 0,0 0,0
26/01/2019 0100 27,4 28,3 27,2 80,0 80,0 75,0 23,6 23,7 23,4 992,7 992,7 989,9 2,6 114,0 6,1 0,0 0,0
26/01/2019 0200 26,5 27,4 26,5 80,0 80,0 78,0 22,7 23,5 22,7 993,8 993,8 992,7 3,4 82,0 7,3 0,0 0,0
26/01/2019 0300 26,1 26,6 26,1 79,0 80,0 78,0 22,2 22,7 22,2 994,3 994,3 993,8 3,1 85,0 7,6 0,0 0,0
26/01/2019 0400 25,3 26,1 25,3 82,0 82,0 79,0 22,1 22,3 22,1 994,0 994,6 993,9 2,9 87,0 7,3 0,0 0,0
26/01/2019 0500 24,2 25,3 24,2 88,0 88,0 82,0 22,2 22,3 22,1 993,0 994,3 993,0 1,6 77,0 6,6 0,0 0,0
26/01/2019 0600 24,0 24,4 24,0 88,0 89,0 88,0 21,9 22,3 21,9 993,7 993,7 993,0 1,7 89,0 4,8 0,0 0,0
26/01/2019 0700 23,1 24,0 23,0 92,0 92,0 88,0 21,7 22,0 21,5 993,9 994,0 993,6 1,5 157,0 3,9 0,0 0,0
26/01/2019 0800 22,8 23,3 22,7 92,0 93,0 91,0 21,5 21,8 21,3 994,9 994,9 993,9 1,3 121,0 2,8 0,0 0,0
26/01/2019 0900 22,9 23,2 22,7 92,0 93,0 91,0 21,5 21,9 21,4 996,4 996,4 994,9 1,7 141,0 3,4 0,0 0,0
26/01/2019 1000 23,4 23,4 22,9 90,0 91,0 90,0 21,7 21,7 21,4 998,4 998,4 996,4 1,8 116,0 3,9 83,80 0,0
26/01/2019 1100 25,2 25,2 23,4 85,0 90,0 84,0 22,5 22,5 21,7 1003,0 1003,0 998,4 2,2 98,0 5,6 527,90 0,0
26/01/2019 1200 27,7 27,7 25,2 76,0 85,0 75,0 22,9 23,0 22,1 1008,6 1008,6 1003,0 1,8 105,0 5,3 1714,00 0,0
26/01/2019 1300 29,0 29,2 27,5 69,0 78,0 69,0 22,9 24,2 22,5 1007,7 1009,3 1007,5 1,8 83,0 4,1 2018,90 0,0
26/01/2019 1400 31,1 31,1 29,0 65,0 72,0 65,0 23,8 24,7 22,9 1008,0 1008,4 1007,7 1,5 57,0 4,1 3037,30 0,0
26/01/2019 1500 32,2 32,6 31,0 63,0 69,0 61,0 24,2 25,5 23,7 1005,7 1008,0 1005,7 1,7 22,0 4,7 3523,90 0,0
26/01/2019 1600 32,8 33,4 32,1 59,0 67,0 58,0 23,7 26,0 23,6 1003,6 1005,8 1003,6 2,0 350,0 5,1 3696,90 0,0
26/01/2019 1700 33,5 33,8 32,3 57,0 64,0 55,0 23,7 25,3 23,1 1001,6 1003,7 1001,5 1,6 335,0 5,1 3111,40 0,0
26/01/2019 1800 34,9 34,9 33,0 51,0 61,0 50,0 23,2 25,1 22,9 1001,8 1002,1 1000,8 1,4 283,0 4,6 3052,50 0,0
26/01/2019 1900 35,0 35,3 33,8 52,0 56,0 48,0 23,6 24,2 22,3 1000,6 1002,2 1000,6 1,3 273,0 4,6 3071,20 0,0
26/01/2019 2000 34,5 35,8 34,0 51,0 56,0 46,0 22,8 24,2 21,3 998,7 1000,9 998,6 1,0 55,0 4,0 2200,00 0,0
26/01/2019 2100 31,1 34,8 31,1 67,0 69,0 48,0 24,1 24,7 21,3 989,5 998,7 989,5 1,7 142,0 5,0 1044,80 0,0
26/01/2019 2200 28,5 31,4 28,5 74,0 74,0 65,0 23,4 24,9 22,5 986,6 989,4 986,6 1,4 66,0 5,5 451,00 0,0
26/01/2019 2300 27,4 28,6 27,4 73,0 76,0 70,0 22,2 23,7 22,2 984,9 986,6 984,8 1,0 97,0 3,0 63,00 0,0
27/01/2019 0000 26,6 27,7 26,2 83,0 84,0 72,0 23,4 23,4 21,9 988,3 988,3 985,0 1,4 158,0 4,4 0,0 0,0
27/01/2019 0100 25,7 27,3 25,7 82,0 83,0 76,0 22,4 23,4 22,2 991,6 991,6 988,3 1,6 162,0 6,7 0,0 0,0
27/01/2019 0200 25,4 25,9 25,4 85,0 85,0 82,0 22,7 22,9 22,4 993,4 993,4 991,6 0,8 175,0 3,0 0,0 0,0
27/01/2019 0300 25,0 25,7 25,0 88,0 88,0 85,0 22,8 23,0 22,7 994,5 994,4 992,5 0,9 170,0 2,9 0,0 0,0
27/01/2019 0400 24,4 25,2 24,4 92,0 92,0 89,0 23,0 23,4 22,9 995,3 995,3 994,9 1,1 166,0 2,8 0,0 0,0
27/01/2019 0500 24,7 24,9 24,4 90,0 92,0 90,0 23,0 23,4 23,0 995,6 995,6 995,3 1,4 117,0 2,4 0,0 0,0
27/01/2019 0600 24,0 25,2 24,0 92,0 92,0 88,0 22,6 23,3 22,6 995,6 996,0 995,6 0,7 150,0 2,8 0,0 0,0
27/01/2019 0700 23,6 24,4 23,6 93,0 93,0 92,0 22,4 23,1 22,4 995,5 995,8 995,3 0,9 174,0 2,0 0,0 0,0
27/01/2019 0800 24,0 24,3 23,6 93,0 94,0 92,0 22,8 23,2 22,4 996,0 996,0 995,5 1,3 116,0 2,4 0,0 0,0
27/01/2019 0900 24,2 24,3 23,7 92,0 93,0 92,0 22,9 22,9 22,4 996,6 996,6 996,0 1,1 98,0 2,7 0,0 0,0
27/01/2019 1000 25,7 25,7 24,2 85,0 92,0 85,0 23,0 23,1 22,6 1001,3 1001,3 996,6 2,1 105,0 3,7 99,70 0,0
27/01/2019 1100 28,0 28,0 25,8 77,0 85,0 77,0 23,6 23,6 23,0 1007,0 1007,0 1001,3 1,6 85,0 4,4 638,90 0,0
27/01/2019 1200 30,1 30,2 27,9 68,0 77,0 68,0 23,7 24,4 22,8 1008,6 1009,0 1007,0 1,6 77,0 5,0 1609,20 0,0
27/01/2019 1300 31,4 31,4 30,1 63,0 71,0 60,0 23,4 24,2 22,5 1007,4 1009,0 1007,3 1,6 54,0 4,6 2468,00 0,0
27/01/2019 1400 32,7 33,0 31,2 60,0 66,0 56,0 23,8 24,9 22,7 1005,7 1007,5 1005,7 1,5 48,0 3,9 3093,80 0,0
27/01/2019 1500 33,3 33,5 32,4 57,0 62,0 53,0 23,5 24,6 22,3 1003,6 1005,8 1003,6 1,4 22,0 5,0 3517,20 0,0
27/01/2019 1600 34,1 34,2 32,9 55,0 60,0 51,0 24,0 24,8 22,1 1002,3 1003,8 1002,2 1,9 349,0 5,5 3494,70 0,0
27/01/2019 1700 27,5 34,2 26,5 64,0 67,0 50,0 20,0 24,5 18,8 991,8 1002,7 991,8 3,8 348,0 17,1 2145,90 1,6
27/01/2019 1800 30,2 30,2 26,8 71,0 90,0 62,0 24,5 27,6 19,7 990,5 991,7 986,0 1,1 268,0 11,9 929,30 1,0
27/01/2019 1900 34,6 34,6 30,2 53,0 71,0 51,0 23,7 24,9 22,5 1002,7 1002,7 990,5 1,2 8,0 5,1 2918,10 0,0
27/01/2019 2000 34,6 35,0 33,6 45,0 55,0 45,0 21,0 24,0 21,0 1002,1 1003,6 1002,1 1,6 312,0 4,5 2421,50 0,2
27/01/2019 2100 33,7 34,9 33,6 49,0 54,0 45,0 21,4 23,1 21,0 998,4 1002,2 998,4 1,5 324,0 4,2 1666,00 0,0
27/01/2019 2200 32,1 33,9 32,1 59,0 59,0 48,0 22,9 23,0 21,3 993,6 998,4 993,6 1,0 331,0 3,5 730,30 0,0
27/01/2019 2300 26,6 32,1 26,6 72,0 73,0 50,0 21,1 23,5 18,0 981,2 993,6 981,2 0,4 78,0 10,5 62,20 0,0
28/01/2019 0000 26,5 27,0 25,8 73,0 79,0 68,0 21,1 21,9 20,5 984,8 984,8 981,2 0,9 134,0 3,8 0,0 0,0
28/01/2019 0100 25,5 26,4 25,3 80,0 82,0 73,0 21,8 22,1 21,3 989,3 989,3 984,8 0,5 175,0 2,1 0,0 0,0
28/01/2019 0200 25,4 25,7 24,7 84,0 88,0 79,0 22,4 22,8 21,5 992,7 992,7 989,3 1,2 128,0 2,7 0,0 0,0
28/01/2019 0300 24,9 25,8 24,6 88,0 89,0 82,0 22,8 22,9 22,3 994,5 994,5 992,8 0,4 222,0 2,2 0,0 0,0
28/01/2019 0400 25,5 25,6 24,7 84,0 89,0 84,0 22,6 22,9 22,5 995,7 995,7 994,5 1,2 88,0 2,6 0,0 0,0
28/01/2019 0500 25,2 25,5 25,2 86,0 87,0 84,0 22,8 22,8 22,6 996,2 996,2 995,7 0,9 53,0 3,1 0,0 0,0
28/01/2019 0600 25,6 25,7 25,1 81,0 87,0 80,0 22,0 22,8 22,0 996,3 996,5 996,1 0,7 35,0 3,1 0,0 0,0
28/01/2019 0700 24,7 25,6 24,7 84,0 84,0 79,0 21,9 22,0 21,7 995,7 996,7 995,7 1,0 45,0 2,3 0,0 0,0
28/01/2019 0800 24,9 25,1 24,6 81,0 84,0 80,0 21,4 21,8 21,4 996,1 996,1 995,7 1,0 51,0 2,5 0,0 0,0
28/01/2019 0900 24,7 25,0 24,6 81,0 82,0 80,0 21,1 21,4 21,1 996,7 996,7 996,1 1,2 43,0 2,9 0,0 0,0
28/01/2019 1000 25,9 25,9 24,7 76,0 81,0 76,0 21,3 21,5 21,1 1000,5 1000,5 996,7 1,2 39,0 3,7 101,40 0,0
28/01/2019 1100 27,3 27,6 25,9 73,0 76,0 71,0 21,9 22,2 21,3 1006,2 1006,2 1000,5 1,5 2,0 4,5 546,70 0,0
28/01/2019 1200 29,1 29,1 27,3 64,0 73,0 64,0 21,5 22,8 21,4 1008,5 1009,1 1006,2 2,8 347,0 6,5 1669,20 0,0
28/01/2019 1300 30,1 30,2 29,0 62,0 66,0 60,0 21,9 22,4 21,2 1006,0 1008,6 1006,0 3,9 340,0 8,6 2466,10 0,0
28/01/2019 1400 30,9 31,0 30,0 61,0 64,0 59,0 22,6 22,9 21,3 1004,5 1006,2 1004,5 3,2 346,0 8,4 3137,10 0,0
28/01/2019 1500 32,0 32,0 30,9 59,0 64,0 57,0 23,1 24,0 22,0 1003,8 1004,8 1003,7 2,4 351,0 7,5 3598,60 0,0
28/01/2019 1600 32,4 32,4 31,5 58,0 64,0 55,0 23,0 24,2 21,9 1002,1 1004,1 1002,0 3,3 341,0 7,2 3845,30 0,0
28/01/2019 1700 32,7 33,1 32,0 55,0 62,0 53,0 22,4 24,1 22,1 1001,6 1002,3 1001,5 3,2 336,0 8,5 3775,10 0,0
28/01/2019 1800 33,7 33,7 32,6 54,0 59,0 51,0 23,2 24,3 22,1 1002,3 1002,3 1001,6 2,5 335,0 7,4 3622,40 0,0
28/01/2019 1900 33,6 34,2 32,3 52,0 59,0 48,0 22,4 23,8 21,6 1002,1 1002,7 1001,6 2,6 318,0 6,3 3117,20 0,0
28/01/2019 2000 33,6 34,0 33,3 54,0 55,0 49,0 22,9 23,3 21,3 999,5 1002,4 999,5 2,0 353,0 5,9 2622,50 0,0
28/01/2019 2100 32,3 33,8 31,8 57,0 58,0 49,0 22,6 23,2 21,2 995,0 999,7 995,0 1,7 347,0 6,9 1687,40 0,0
28/01/2019 2200 30,1 32,4 29,7 65,0 66,0 56,0 22,9 22,9 22,1 988,1 995,0 988,1 1,2 346,0 4,8 335,10 0,0
28/01/2019 2300 28,0 30,1 28,0 80,0 80,0 65,0 24,1 24,3 22,9 988,0 988,5 987,9 0,2 94,0 2,4 36,40 0,0
29/01/2019 0000 27,4 28,0 27,4 76,0 80,0 75,0 22,9 24,1 22,8 990,1 990,1 988,0 0,4 76,0 0,9 0,0 0,0
29/01/2019 0100 27,3 27,6 27,3 77,0 77,0 75,0 22,8 22,9 22,7 994,0 994,0 990,2 0,9 50,0 1,5 0,0 0,0
29/01/2019 0200 26,8 27,3 26,8 78,0 80,0 76,0 22,8 23,0 22,7 996,3 996,3 994,0 1,1 49,0 2,3 0,0 0,0
29/01/2019 0300 26,3 26,8 26,3 81,0 82,0 78,0 22,8 23,0 22,7 997,5 997,5 996,4 1,4 45,0 3,3 0,0 0,0
29/01/2019 0400 26,4 26,5 25,9 81,0 82,9 78,0 22,5 22,9 22,6 997,7 997,9 996,9 1,0 35,0 3,3 0,0 0,0
29/01/2019 0500	25,6 26,4 25,5 81,0 83,0 78,0 22,1 22,4 22,0 997,9 998,8 997,8 0,6 31,0 3,3 0,0 0,0
29/01/2019 0600 25,7 25,7 25,0 79,0 83,0 79,0 21,7 22,1 21,7 997,6 998,1 997,4 0,9 44,0 2,6 0,0 0,0
29/01/2019 0700 25,3 25,7 25,1 79,0 81,0 78,0 21,5 21,7 21,5 997,9 998,0 997,6 0,8 22,0 3,8 0,0 0,0
29/01/2019 0800 24,8 25,4 24,7 82,0 82,0 79,0 21,5 21,6 21,4 997,6 998,2 997,6 0,8 30,0 3,7 0,0 0,0
29/01/2019 0900 24,7 25,0 24,6 81,0 82,0 80,0 21,2 21,5 21,2 998,0 998,0 997,6 0,7 22,0 3,6 0,0 0,0
29/01/2019 1000 25,5 25,5 24,5 79,0 83,0 79,0 21,7 21,7 21,2 1002,8 1002,8 998,0 0,7 46,0 2,4 65,30 0,0
29/01/2019 1100 27,8 27,8 25,5 70,0 80,0 70,0 21,9 22,2 21,6 1007,9 1007,9 1002,9 1,2 12,0 4,1 562,90 0,0
29/01/2019 1200 29,6 29,6 27,8 65,0 73,0 64,0 22,2 22,8 21,5 1009,6 1010,5 1007,9 2,5 348,0 6,6 1676,40 0,0
29/01/2019 1300 30,8 30,8 29,5 60,0 65,0 60,0 22,1 22,8 21,3 1007,1 1009,7 1007,1 3,4 342,0 8,2 2467,80 0,0
29/01/2019 1400 32,1 32,1 30,7 59,0 61,0 55,0 23,1 23,1 21,4 1005,4 1007,3 1005,4 3,6 340,0 9,0 3123,60 0,0
29/01/2019 1500 32,8 32,8 31,7 51,0 59,0 50,0 21,4 22,6 20,9 1003,6 1005,7 1003,6 3,2 330,0 9,8 3586,10 0,0
29/01/2019 1600 32,7 33,2 32,3 51,0 56,0 50,0 21,2 23,2 21,2 1002,5 1003,8 1002,4 4,2 338,0 9,7 3845,40 0,0
29/01/2019 1700 32,0 33,7 31,9 56,0 57,0 48,0 22,3 23,3 20,6 1000,4 1002,6 1000,4 3,7 344,0 10,3 3543,20 0,0
29/01/2019 1800 33,9 34,2 32,0 51,0 56,0 48,0 22,5 23,2 21,3 1000,6 1000,7 1000,3 3,5 338,0 10,3 3591,30 0,0
29/01/2019 1900 33,8 34,3 33,0 51,0 54,0 48,0 22,1 23,0 21,0 999,0 1000,7 999,0 3,0 326,0 9,1 3003,00 0,0
29/01/2019 2000 33,3 34,0 33,3 49,0 51,0 47,0 21,0 22,1 20,5 996,9 999,1 996,9 3,9 332,0 9,0 2415,10 0,0
29/01/2019 2100 32,6 33,5 32,6 54,0 54,0 48,0 22,2 22,4 20,9 994,5 996,9 994,5 2,7 339,0 8,2 1533,50 0,0
29/01/2019 2200 31,1 32,7 31,1 58,0 58,0 51,0 21,9 22,3 21,0 989,9 994,7 989,9 1,8 334,0 8,3 567,60 0,0
29/01/2019 2300 28,2 31,1 28,2 72,0 72,0 58,0 22,6 22,9 21,9 985,9 989,9 985,9 0,2 353,0 4,1 47,70 0,0
30/01/2019 0000 27,0 28,2 27,0 78,0 79,0 72,0 22,8 23,2 22,5 986,1 986,1 985,1 0,3 80,0 0,9 0,0 0,0
30/01/2019 0100 26,3 27,0 26,3 80,0 80,0 77,0 22,7 23,0 22,5 989,6 989,6 986,1 0,2 126,0 0,7 0,0 0,0
30/01/2019 0200 25,7 26,4 25,7 85,0 85,0 80,0 23,0 23,2 22,7 992,3 992,3 989,6 0,4 164,0 0,9 0,0 0,0
30/01/2019 0300 26,4 26,4 25,7 80,0 85,0 80,0 22,7 23,0 22,7 994,9 994,9 992,4 0,9 38,0 2,6 0,0 0,0
30/01/2019 0400 26,1 26,8 26,1 82,0 82,0 78,0 22,8 22,8 22,5 996,0 996,0 995,0 0,6 18,0 2,7 0,0 0,0
30/01/2019 0500 25,7 26,1 25,7 84,0 84,0 82,0 22,8 22,9 22,8 995,4 996,2 995,3 0,6 32,0 2,4 0,0 0,0
30/01/2019 0600 25,4 25,7 25,4 85,0 85,0 84,0 22,6 22,8 22,6 995,0 995,6 994,9 0,7 33,0 1,4 0,0 0,0
30/01/2019 0700 24,9 25,4 24,9 84,0 85,0 83,0 22,1 22,6 22,1 995,0 995,3 995,0 0,4 12,0 2,2 0,0 0,0
30/01/2019 0800 24,5 25,0 24,5 86,0 86,0 84,0 21,9 22,2 21,9 994,7 995,3 994,7 0,2 76,0 2,3 0,0 0,0
30/01/2019 0900 24,1 24,6 24,1 87,0 87,0 85,0 21,7 22,0 21,6 994,5 995,0 994,4 0,5 1,0 1,7 0,0 0,0
30/01/2019 1000 25,7 25,7 23,9 81,0 87,0 80,0 22,1 22,3 21,7 999,5 999,5 994,5 1,0 9,0 2,5 126,10 0,0
30/01/2019 1100 26,9 26,9 25,7 77,0 81,0 77,0 22,6 22,7 22,1 1003,7 1003,7 999,5 1,9 343,0 4,3 499,80 0,0
30/01/2019 1200 28,2 28,2 26,9 72,0 78,0 72,0 22,7 23,1 22,5 1004,0 1005,3 1003,7 2,1 337,0 5,5 755,20 0,0
30/01/2019 1300 29,4 29,5 28,2 66,0 72,0 65,0 22,5 23,0 22,3 1005,8 1005,8 1004,0 2,9 332,0 7,4 1361,70 0,0
30/01/2019 1400 30,1 30,1 29,3 65,0 68,0 64,0 22,7 23,2 22,3 1003,8 1006,1 1003,8 2,5 307,0 7,1 1310,40 0,0
30/01/2019 1500 32,3 32,3 30,1 60,0 67,0 59,0 23,5 23,9 22,4 1005,2 1006,0 1003,8 3,1 317,0 7,6 2610,60 0,0
30/01/2019 1600 33,3 33,5 32,2 54,0 60,0 52,0 22,7 23,5 22,0 1003,4 1005,8 1003,4 3,5 318,0 8,1 3513,90 0,0
30/01/2019 1700 33,1 33,9 33,0 56,0 58,0 52,0 23,0 23,9 22,5 1001,7 1003,5 1001,7 3,0 329,0 8,0 3239,00 0,0
30/01/2019 1800 34,3 34,6 33,1 48,0 57,0 46,0 21,6 23,8 21,0 1000,1 1001,7 1000,1 3,6 316,0 8,4 3129,50 0,0
30/01/2019 1900 34,2 35,1 34,2 45,0 49,0 42,0 20,7 22,6 20,2 998,3 1000,2 998,3 3,3 309,0 9,9 3132,30 0,0
30/01/2019 2000 34,5 34,6 33,5 43,0 48,0 41,0 20,0 21,6 19,1 995,8 998,3 995,3 2,8 304,0 8,2 2156,20 0,0
30/01/2019 2100 33,0 34,5 33,0 46,0 46,0 41,0 19,7 20,3 19,3 993,4 996,0 993,4 3,5 310,0 9,2 1643,50 0,0
30/01/2019 2200 31,3 33,1 31,2 57,0 57,0 45,0 21,6 21,6 19,7 988,8 993,4 988,8 1,2 317,0 8,5 532,30 0,0
30/01/2019 2300 28,2 31,3 28,2 72,0 72,0 56,0 22,6 22,7 21,6 985,7 989,0 985,7 0,4 202,0 3,4 59,60 0,0
31/01/2019 0000 27,3 28,7 27,3 74,0 75,0 69,0 22,3 22,8 22,3 986,7 986,7 985,4 0,1 72,0 2,6 0,0 0,0
31/01/2019 0100 27,3 27,7 27,3 75,0 75,0 74,0 22,5 22,6 22,4 990,5 990,5 986,7 0,3 358,0 0,7 0,0 0,0
31/01/2019 0200 25,6 27,3 25,4 87,0 87,0 75,0 23,2 23,2 22,6 992,2 992,2 990,5 0,4 78,0 1,0 0,0 0,0
31/01/2019 0300 24,62 5,8 24,6 90,0 90,0 86,0 23,0 23,2 22,9 993,1 993,1 992,2 0,7 170,0 1,2 0,0 0,0
31/01/2019 0400 24,5 24,6 24,4 92,0 92,0 90,0 23,0 23,2 22,9 994,0 994,0 993,1 0,4 111,0 1,2 0,0 0,0
31/01/2019 0500 24,3 25,0 24,3 91,0 92,0 89,0 22,8 23,2 22,7 994,8 994,8 994,0 0,3 78,0 0,9 0,0 0,0
31/01/2019 0600 23,7 24,3 23,7 93,0 93,0 91,0 22,5 22,9 22,5 994,8 995,1 994,7 0,6 190,0 1,0 0,0 0,0
31/01/2019 0700 23,9 23,9 23,5 95,0 95,0 93,0 23,0 23,0 22,4 995,1 995,1 994,7 0,5 45,0 1,0 0,0 0,0
31/01/2019 0800 23,6 24,0 23,6 94,0 95,0 94,0 22,5 23,0 22,5 995,5 995,5 995,1 0,1 96,0 1,2 0,0 0,0
31/01/2019 0900 23,3 23,6 23,2 95,0 95,0 94,0 22,4 22,6 22,2 996,0 996,0 995,5 0,8 159,0 1,1 0,0 0,0
31/01/2019 1000 24,6 24,6 23,3 92,0 95,0 92,0 23,2 23,3 22,4 998,7 998,7 996,0 0,7 165,0 1,6 108,00 0,0
31/01/2019 1100 25,6 25,6 24,6 87,0 92,0 86,0 23,3 23,5 22,9 1002,3 1002,3 998,7 1,0 152,0 4,3 352,10 0,0
31/01/2019 1200 27,7 27,8 25,6 80,0 87,0 79,0 23,9 24,2 23,1 1006,8 1006,9 1002,3 2,1 132,0 4,2 1232,90 0,0
31/01/2019 1300 29,0 29,3 27,5 73,0 81,0 72,0 23,6 24,5 23,3 1008,2 1008,4 1006,8 1,6 178,0 4,3 1904,00 0,0
31/01/2019 1400 30,8 31,1 28,9 68,0 74,0 65,0 24,2 24,8 22,9 1008,2 1008,6 1008,2 1,4 110,0 4,6 2862,20 0,0
31/01/2019 1500 31,0 32,7 30,8 64,0 69,0 59,0 23,4 24,8 23,1 1006,6 1008,5 1006,6 1,3 121,0 3,9 2915,20 0,0
31/01/2019 1600 31,6 33,3 31,0 68,0 68,0 58,0 24,9 25,3 23,3 1002,6 1006,6 1002,6 2,6 170,0 4,8 3248,30 0,0
31/01/2019 1700 33,0 33,1 31,4 62,0 69,0 59,0 24,7 25,8 23,5 998,7 1002,6 998,4 1,4 126,0 5,5 3707,80 0,0
31/01/2019 1800 34,4 34,7 32,3 55,0 64,0 53,0 24,0 25,8 22,7 1000,2 1001,0 998,7 1,3 250,0 4,4 3140,20 0,0
31/01/2019 1900 29,2 34,9 28,5 65,0 66,0 50,0 21,9 24,8 19,9 993,8 1001,0 993,8 2,0 26,0 10,0 2439,30 0,0
31/01/2019 2000 27,0 30,2 26,4 78,0 86,0 63,0 22,9 24,6 21,5 982,8 993,9 982,8 2,1 133,0 4,9 951,20 0,4
31/01/2019 2100 25,0 27,0 25,0 92,0 92,0 77,0 23,6 23,6 22,5 981,6 982,8 981,6 1,7 198,0 4,1 182,00 1,0
31/01/2019 2200 23,3 25,0 22,3 95,0 95,0 87,0 22,5 23,6 21,4 983,6 983,6 981,0 1,4 120,0 11,3 41,20 12,4
31/01/2019 2300 23,0 23,9 22,8 92,0 95,0 89,0 21,6 22,5 21,4 989,1 989,1 983,6 1,3 107,0 4,7 34,20 1,8
01/02/2019 0000 23,0 23,3 22,9 93,0 93,0 92,0 21,9 22,0 21,6 993,4 993,4 989,1 0,9 80,0 4,1 0,0 0,0
01/02/2019 0100 22,9 23,1 22,9 93,0 94,0 92,0 21,7 21,9 21,6 995,2 995,2 993,4 0,7 64,0 3,3 0,0 0,0
01/02/2019 0200 23,1 23,3 22,9 93,0 93,0 93,0 21,9 22,1 21,7 996,5 996,5 995,2 1,2 113,0 3,1 0,0 0,0
01/02/2019 0300 23,5 23,6 23,1 90,0 93,0 89,0 21,7 22,1 21,7 998,0 998,0 996,5 1,5 112,0 3,8 0,0 0,0
01/02/2019 0400 23,3 23,8 23,2 92,0 92,0 89,0 21,9 22,0 21,6 998,0 998,3 998,0 0,6 176,0 2,9 0,0 0,0
01/02/2019 0500 23,5 23,6 23,1 91,0 94,0 91,0 22,0 22,3 21,9 996,9 998,2 996,8 1,0 93,0 2,8 0,0 0,0
01/02/2019 0600 23,2 23,7 22,9 93,0 93,0 90,0 22,0 22,0 21,5 996,2 997,1 996,2 0,8 81,0 3,0 0,0 0,0
01/02/2019 0700 22,4 23,4 22,4 94,0 94,0 92,0 21,5 22,0 21,3 995,7 996,5 995,6 0,8 152,0 2,5 0,0 0,0
01/02/2019 0800 22,6 23,0 22,4 94,0 95,0 94,0 21,6 22,1 21,4 995,4 995,9 995,3 0,4 52,0 1,8 0,0 0,0
01/02/2019 0900 22,6 23,5 22,6 94,0 95,0 92,0 21,5 22,3 21,4 996,0 996,0 995,4 0,8 167,0 2,4 0,0 0,0
01/02/2019 1000 24,3 24,3 22,6 90,0 95,0 90,0 22,5 22,6 21,5 998,7 998,7 996,0 2,2 214,0 7,6 101,00 0,2
01/02/2019 1100 24,8 24,8 23,9 83,0 90,0 83,0 21,7 22,4 21,5 1003,6 1003,6 998,7 2,5 174,0 6,4 525,70 0,0
01/02/2019 1200 26,1 26,2 24,7 79,0 84,0 78,0 22,1 22,6 21,4 1006,5 1006,5 1003,6 2,7 158,0 6,2 1522,20 0,0
01/02/2019 1300 28,3 28,3 26,1 76,0 79,0 73,0 23,6 23,6 22,2 1007,7 1007,9 1006,5 1,4 129,0 5,1 2085,00 0,0
01/02/2019 1400 31,1 31,1 28,0 64,0 76,0 64,0 23,4 24,3 22,1 1008,2 1008,2 1007,3 0,6 4,0 3,5 2441,10 0,0
01/02/2019 1500 31,1 31,8 30,1 61,0 69,0 58,0 22,8 24,9 21,4 1007,2 1009,1 1007,2 2,1 218,0 4,2 2959,00 0,0
01/02/2019 1600 28,7 31,1 28,4 64,0 68,0 58,0 21,3 23,4 21,2 1000,3 1007,4 1000,3 3,0 205,0 7,9 2691,10 0,0
01/02/2019 1700 29,1 29,6 28,7 59,0 68,0 57,0 20,4 22,6 19,9 998,5 1000,3 998,5 2,7 170,0 7,3 2789,50 0,0
01/02/2019 1800 29,5 29,5 28,7 63,0 66,0 59,0 21,8 22,1 20,4 997,5 998,7 997,1 2,4 198,0 6,2 1842,60 0,0
01/02/2019 1900 29,8 30,5 28,9 62,0 66,0 56,0 21,6 22,5 20,3 999,1 999,3 997,5 2,3 182,0 7,7 2236,90 0,0
01/02/2019 2000 29,0 30,8 28,8 62,0 63,0 54,0 20,9 22,2 19,5 996,6 999,7 996,6 3,4 165,0 8,3 2485,60 0,0
01/02/2019 2100 28,2 29,4 28,2 64,0 64,0 59,0 20,7 21,6 20,3 993,5 996,6 993,5 2,0 196,0 7,4 1212,10 0,0
01/02/2019 2200 27,4 28,2 27,4 68,0 69,0 64,0 20,9 21,4 20,7 992,0 993,6 992,0 1,8 119,0 4,0 342,30 0,0
01/02/2019 2300 25,5 27,4 25,5 80,0 80,0 68,0 21,7 21,8 20,8 990,3 992,1 990,2 0,9 78,0 3,7 40,90 0,0
02/02/2019 0000 25,4 25,5 25,0 78,0 81,0 77,0 21,2 21,7 21,2 991,9 991,9 990,3 1,3 24,0 3,4 0,0 0,0
02/02/2019 0100 24,3 25,5 24,3 86,0 86,0 78,0 21,9 21,9 21,2 995,4 995,4 992,0 0,6 173,0 3,5 0,0 0,0
02/02/2019 0200 23,8 24,7 23,8 89,0 89,0 85,0 21,8 22,2 21,8 996,6 996,6 995,4 1,4 193,0 3,5 0,0 0,0
02/02/2019 0300 23,4 24,1 23,4 86,0 89,0 85,0 21,0 22,0 21,0 997,7 997,7 996,6 2,4 159,0 5,7 0,0 0,0
02/02/2019 0400 23,0 23,6 23,0 87,0 87,0 85,0 20,9 21,0 20,8 997,8 998,0 997,7 1,5 153,0 5,5 0,0 0,0
02/02/2019 0500 23,0 23,0 22,8 89,0 90,0 87,0 21,2 21,2 20,8 998,2 998,2 997,8 1,3 153,0 4,5 0,0 0,0
02/02/2019 0600 23,4 23,4 22,8 88,0 91,0 88,0 21,3 21,5 21,1 998,4 998,6 998,2 0,6 49,0 3,1 0,0 0,0
02/02/2019 0700 22,5 23,4 22,5 93,0 93,0 88,0 21,3 21,7 21,1 998,1 998,7 998,1 0,7 120,0 1,5 0,0 0,0
02/02/2019 0800 22,9 23,2 22,5 92,0 93,0 91,0 21,6 21,8 21,4 999,2 999,2 998,1 0,8 205,0 1,8 0,0 0,0
02/02/2019 0900 22,7 23,0 22,6 91,0 93,0 91,0 21,2 21,6 21,2 998,9 999,6 998,9 1,0 184,0 3,6 0,0 0,0
02/02/2019 1000 22,9 22,9 22,7 87,0 91,0 87,0 20,6 21,3 20,6 1000,3 1000,3 998,9 1,8 182,0 4,4 78,10 0,0
02/02/2019 1100 23,3 23,3 22,9 87,0 87,0 86,0 21,0 21,0 20,6 1002,7 1002,7 1000,3 2,6 172,0 5,6 329,90 0,0
02/02/2019 1200 23,9 23,9 23,3 84,0 87,0 83,0 21,1 21,2 20,9 1003,9 1003,9 1002,8 2,2 160,0 5,8 480,00 0,0
02/02/2019 1300 25,2 25,5 23,8 77,0 85,0 74,0 20,8 21,5 20,3 1008,3 1008,3 1003,9 2,3 148,0 5,7 1141,60 0,0
02/02/2019 1400 26,0 26,1 25,2 74,0 78,0 71,0 21,0 21,3 20,1 1008,5 1008,8 1008,4 1,6 113,0 4,8 1187,00 0,0
02/02/2019 1500 26,8 27,2 25,9 67,0 74,0 65,0 20,1 21,0 19,3 1008,0 1008,7 1007,9 2,5 126,0 5,2 1717,60 0,0
02/02/2019 1600 27,7 28,3 26,7 63,0 69,0 62,0 20,1 21,0 19,2 1008,8 1008,8 1007,2 1,6 125,0 5,2 2208,00 0,0
02/02/2019 1700 27,0 27,9 27,0 66,0 70,0 60,0 20,2 21,3 19,2 1004,6 1009,0 1004,6 2,1 180,0 6,0 1930,60 0,0
02/02/2019 1800 26,3 27,0 26,2 71,0 72,0 65,0 20,7 20,7 19,6 999,8 1004,6 999,8 0,8 193,0 4,1 866,90 0,0
02/02/2019 1900 26,6 26,6 25,6 72,0 83,0 68,0 21,0 22,4 20,0 999,8 999,9 998,8 0,8 135,0 2,9 809,30 0,0
02/02/2019 2000 27,5 27,9 26,6 68,0 72,0 63,0 21,2 21,7 20,0 1003,7 1003,9 999,8 0,8 202,0 2,2 1204,10 0,0
02/02/2019 2100 28,7 28,8 27,6 63,0 69,0 62,0 21,0 22,0 20,4 1003,7 1003,9 1003,2 1,3 198,0 3,2 1118,10 0,0
02/02/2019 2200 26,5 28,7 26,5 74,0 74,0 63,0 21,4 21,7 20,8 996,4 1003,8 996,4 1,4 169,0 4,4 537,20 0,0
02/02/2019 2300 25,7 26,5 25,4 80,0 81,0 74,0 22,0 22,1 21,1 993,0 996,4 992,8 3,0 119,0 6,4 51,10 0,0
03/02/2019 0000 24,7 25,7 24,6 79,0 83,0 79,0 20,9 22,0 20,9 995,0 995,0 993,0 2,5 141,0 8,6 0,0 0,0
03/02/2019 0100 23,3 24,7 23,2 80,0 80,0 75,0 19,6 20,8 19,5 996,3 996,3 995,1 1,8 140,0 7,2 0,0 0,0
03/02/2019 0200 22,6 23,3 22,6 82,0 82,0 80,0 19,5 19,6 19,4 998,4 998,4 996,3 2,3 123,0 7,0 0,0 0,0
03/02/2019 0300 22,2 22,6 22,2 76,0 84,0 74,0 17,7 19,4 17,6 1000,7 1000,7 998,4 4,3 116,0 8,6 0,0 0,0
03/02/2019 0400 21,0 22,2 21,0 75,0 81,0 75,0 16,4 17,7 16,4 1001,0 1001,2 1000,7 4,0 117,0 8,1 0,0 0,0
03/02/2019 0500 19,6 21,0 19,6 78,0 78,0 73,0 15,6 16,2 15,5 1000,4 1001,3 1000,4 1,8 138,0 9,6 0,0 0,0
03/02/2019 0600 18,7 19,6 18,6 80,0 81,0 78,0 15,2 15,9 15,2 999,5 1000,5 999,4 2,3 128,0 6,2 0,0 0,0
03/02/2019 0700 18,0 18,7 18,0 79,0 82,0 79,0 14,4 15,2 14,4 1000,2 1000,2 999,5 2,4 129,0 6,7 0,0 0,0
03/02/2019 0800 17,7 18,1 17,7 82,0 82,0 79,0 14,5 14,6 14,3 1001,2 1001,2 1000,2 2,5 143,0 6,7 0,0 0,0
03/02/2019 0900 17,4 17,7 17,4 83,0 84,0 82,0 14,5 14,7 14,5 1002,3 1002,3 1001,2 1,9 156,0 6,8	0,0 0,0
03/02/2019 1000 17,7 17,7 17,4 80,0 83,0 79,0 14,2 14,5 14,1 1004,7 1004,7 1002,3 2,7 143,0 7,4 82,20 0,0
03/02/2019 1100 19,5 19,5 17,7 73,0 81,0 73,0 14,4 14,7 14,2 1010,2 1010,2 1004,7 3,3 138,0 8,4 637,70 0,0
03/02/2019 1200 20,9 21,0 19,5 67,0 73,0 66,0 14,6 14,8 14,0 1012,8 1012,9 1010,2 3,9 126,0 9,5 1690,50 0,0
03/02/2019 1300 22,4 22,4 20,9 64,0 68,0 63,0 15,4 15,5 14,4 1012,5 1013,1 1012,4 3,9 134,0 10,4 2429,90 0,0
03/02/2019 1400 22,7 23,8 22,0 62,0 65,0 60,0 15,1 16,2 14,6 1013,0 1013,0 1012,2 3,9 126,0 10,7 2997,90 0,0
03/02/2019 1500 24,4 24,4 22,5 62,0 65,0 60,0 16,7 16,8 14,7 1011,0 1013,2 1011,0 4,7 108,0 10,5 3455,10 0,0
03/02/2019 1600 25,2 25,2 23,7 60,0 66,0 59,0 16,9 17,8 15,6 1010,5 1011,3 1010,4 3,7 112,0 10,3 3311,40 0,0
03/02/2019 1700 25,4 25,6 23,8 58,0 62,0 56,0 16,6 17,2 15,4 1010,6 1011,1 1010,2 4,3 117,0 8,7 3545,40 0,0
03/02/2019 1800 25,9 26,3 24,6 56,0 59,0 55,0 16,4 17,2 15,7 1008,8 1010,7 1008,4 3,5 119,0 7,9 3726,10 0,0
03/02/2019 1900 25,5 26,7 24,9 57,0 61,0 52,0 16,2 17,6 15,4 1006,6 1009,4 1006,6 3,7 126,0 7,3 2726,30 0,0
03/02/2019 2000 25,8 26,9 24,9 54,0 59,0 52,0 15,7 17,2 15,1 1004,4 1006,6 1003,9 3,5 107,0 7,4 1862,70 0,0
03/02/2019 2100 26,0 26,1 25,0 51,0 58,0 51,0 15,1 16,7 15,1 1002,4 1004,5 1001,9 2,9 130,0 7,6 1198,10 0,0
03/02/2019 2200 24,3 26,0 24,2 58,0 59,0 51,0 15,6 15,7 14,7 998,9 1002,8 998,9 1,6 129,0 6,3 396,70 0,0
03/02/2019 2300 23,0 24,5 22,9 63,0 64,0 57,0 15,6 15,8 15,1 997,4 999,2 997,4 1,9 119,0 4,1 71,50 0,0
04/02/2019 0000 22,3 23,2 22,3 65,0 65,0 62,0 15,4 15,7 15,3 998,7 998,7 997,4 2,2 119,0 4,2 0,0 0,0
04/02/2019 0100 21,1 22,3 21,1 72,0 72,0 65,0 15,9 15,9 15,4 999,9 999,9 998,7 1,3 126,0 4,3 0,0 0,0
04/02/2019 0200 20,7 21,2 20,7 72,0 73,0 69,0 15,5 15,9 15,3 1001,6 1001,6 1000,0 2,7 118,0 6,3 0,0 0,0
04/02/2019 0300 19,7 20,7 19,7 75,0 75,0 72,0 15,2 15,5 15,1 1002,2 1002,2 1001,6 3,6 118,0 6,7 0,0 0,0
04/02/2019 0400 18,8 19,7 18,8 79,0 79,0 75,0 15,2 15,3 15,2 1002,0 1002,5 1001,9 3,8 118,0 6,5 0,0 0,0
04/02/2019 0500 18,7 18,8 18,5 80,0 81,0 79,0 15,2 15,2 15,1 1003,3 1003,3 1002,0 3,2 116,0 6,8 0,0 0,0
04/02/2019 0600 17,9 18,8 17,9 82,0 83,0 80,0 14,9 15,2 14,9 1003,1 1003,9 1003,1 3,2 117,0 6,1 0,0 0,0
04/02/2019 0700 16,8 17,9 16,8 87,0 87,0 82,0 14,6 14,9 14,5 1002,1 1003,4 1002,1 1,2 139,0 5,8 0,0 0,0
04/02/2019 0800 15,9 16,8 15,9 91,0 91,0 87,0 14,4 14,6 14,4 1001,2 1002,3 1001,1 0,8 137,0 3,9 0,0 0,0
04/02/2019 0900 15,8 16,0 15,6 91,0 92,0 91,0 14,4 14,6 14,2 1002,2 1002,2 1001,2 1,2 158,0 3,6 0,0 0,0
04/02/2019 1000 16,5 16,5 15,3 90,0 93,0 90,0 14,9 14,9 14,1 1005,2 1005,2 1002,2 1,1 149,0 2,7 65,20 0,0
04/02/2019 1100 19,1 19,1 16,5 77,0 90,0 77,0 15,0 15,4 14,8 1012,3 1012,3 1005,2 3,1 116,0 6,4 521,60 0,0
04/02/2019 1200 20,9 21,2 18,9 71,0 78,0 70,0 15,6 15,9 14,8 1015,9 1015,9 1012,3 3,6 109,0 8,3 1710,40 0,0
04/02/2019 1300 21,9 22,4 20,9 66,0 72,0 65,0 15,3 16,2 15,1 1015,0 1016,4 1015,0 4,2 118,0 8,9 2556,10 0,0
04/02/2019 1400 23,6 24,0 21,8 61,0 68,0 59,0 15,7 16,3 14,8 1014,4 1015,2 1014,2 3,5 109,0 9,1 3245,90 0,0
04/02/2019 1500 25,0 25,2 23,3 56,0 64,0 55,0 15,8 16,8 14,5 1013,1 1014,7 1012,9 3,5 111,0 8,1 3415,10 0,0
04/02/2019 1600 25,8 25,9 23,8 50,0 61,0 50,0 14,7 17,2 13,7 1012,0 1013,6 1011,9 3,7 121,0 9,1 3672,70 0,0
04/02/2019 1700 26,0 26,4 24,8 51,0 55,0 46,0 15,2 15,7 13,3 1010,1 1012,5 1010,1 2,8 134,0 8,6 3482,20 0,0
04/02/2019 1800 26,1 27,1 25,1 49,0 53,0 44,0 14,6 15,4 12,5 1006,8 1010,3 1006,8 3,4 106,0 8,7 2758,60 0,0
04/02/2019 1900 26,1 27,6 25,4 42,0 50,0 40,0 12,1 15,5 11,8 1006,3 1008,0 1006,0 3,1 122,0 8,6 3042,20 0,0
04/02/2019 2000 25,8 27,4 25,1 47,0 49,0 40,0 13,5 14,5 11,9 1003,4 1006,6 1003,4 3,0 113,0 7,8 2362,10 0,0
04/02/2019 2100 25,4 27,3 24,8 48,0 50,0 41,0 13,7 15,5 12,0 1001,7 1004,1 1001,7 2,0 132,0 7,5 1513,90 0,0
04/02/2019 2200 23,9 25,8 23,9 52,0 52,0 44,0 13,5 14,0 12,7 995,9 1002,1 995,9 1,9 135,0 7,2 454,00 0,0
04/02/2019 2300 22,0 23,9 22,0 59,0 59,0 52,0 13,6 14,0 13,4 993,8 996,0 993,8 1,0 131,0 4,4 38,30 0,0
05/02/2019 0000 20,5 22,1 20,5 66,0 66,0 58,0 14,0 14,0 13,6 994,2 994,2 993,5 0,9 175,0 2,9 0,0 0,0
05/02/2019 0100 19,1 20,5 19,1 75,0 75,0 66,0 14,6 14,6 13,9 996,8 996,8 994,2 0,8 146,0 2,2 0,0 0,0
05/02/2019 0200 19,8 20,2 19,0 74,0 76,0 72,0 15,1 15,2 14,6 1001,1 1001,1 996,8 2,1 117,0 3,7 0,0 0,0
05/02/2019 0300 19,2 19,9 19,2 79,0 79,0 74,0 15,5 15,6 15,2 1002,9 1002,9 1001,1 2,5 115,0 4,9 0,0 0,0
05/02/2019 0400 18,6 19,2 18,5 83,0 83,0 79,0 15,6 15,7 15,5 1002,6 1003,2 1002,4 3,0 114,0 5,3 0,0 0,0
05/02/2019 0500 18,2 18,6 18,1 85,0 85,0 83,0 15,5 15,6 15,5 1002,8 1003,0 1002,6 3,6 114,0 6,7 0,0 0,0
05/02/2019 0600 17,8 18,2 17,8 85,0 85,0 84,0 15,2 15,5 15,2 1002,6 1003,1 1002,5 3,6 117,0 7,0 0,0 0,0
05/02/2019 0700 17,4 17,8 17,3 86,0 86,0 85,0 15,1 15,3 15,0 1002,0 1002,9 1001,9 2,6 119,0 6,5 0,0 0,0
05/02/2019 0800 17,0 17,4 16,9 88,0 88,0 86,0 15,0 15,1 14,9 1001,4 1002,2 1001,3 2,1 123,0 6,5 0,0 0,0
05/02/2019 0900 17,1 17,3 17,0 87,0 88,0 86,0 14,9 15,1 14,9 1002,6 1002,6 1001,4 2,5 131,0 6,4 0,0 0,0
05/02/2019 1000 17,8 17,8 17,0 84,0 88,0 84,0 15,1 15,2 14,9 1005,0 1005,0 1002,6 3,5 125,0 6,4 76,00 0,0
05/02/2019 1100 19,9 19,9 17,8 75,0 84,0 75,0 15,4 15,7 15,0 1009,5 1009,5 1005,0 4,6 106,0 9,6 568,10 0,0
05/02/2019 1200 21,2 21,2 19,6 70,0 76,0 70,0 15,6 15,9 15,1 1012,0 1012,2 1009,5 5,2 100,0 11,6 1757,60 0,0
05/02/2019 1300 22,5 22,7 21,0 68,0 72,0 66,0 16,3 16,5 15,5 1011,8 1012,4 1011,8 5,4 103,0 10,6 2521,20 0,0
05/02/2019 1400 24,4 24,8 22,5 62,0 68,0 61,0 16,7 17,7 16,0 1012,4 1012,8 1011,8 4,3 99,0 9,5 3256,00 0,0
05/02/2019 1500 25,2 25,8 24,0 62,0 65,0 59,0 17,3 18,4 16,4 1009,8 1012,6 1009,8 4,4 115,0 9,0 3662,30 0,0
05/02/2019 1600 25,5 26,7 25,1 59,0 63,0 57,0 17,0 18,8 16,6 1008,4 1009,9 1008,4 3,7 100,0 8,6 3431,80 0,0
05/02/2019 1700 26,6 27,5 25,3 57,0 63,0 56,0 17,5 19,2 16,9 1006,9 1008,4 1006,8 3,6 113,0 7,9 3262,90 0,0
05/02/2019 1800 27,0 28,1 26,3 55,0 61,0 51,0 17,3 19,0 16,6 1006,6 1007,3 1006,6 3,2 93,0 8,3 3352,90 0,0
05/02/2019 1900 27,5 28,6 26,8 53,0 56,0 49,0 17,0 18,3 16,1 1003,7 1006,8 1003,7 3,2 101,0 8,3 2772,50 0,0
05/02/2019 2000 27,8 28,4 27,1 50,0 54,0 48,0 16,4 18,1 16,2 1001,9 1003,8 1001,5 3,1 98,0 7,7 2313,10 0,0
05/02/2019 2100 27,0 28,0 26,6 52,0 55,0 49,0 16,4 17,7 15,9 997,8 1001,9 997,8 4,3 109,0 8,1 1252,30 0,0
05/02/2019 2200 25,8 27,0 25,8 54,0 55,0 52,0 15,8 16,7 15,8 994,2 997,8 994,2 3,4 110,0 8,1 542,60 0,0
05/02/2019 2300 24,0 25,9 23,9 61,0 61,0 54,0 16,0 16,0 15,5 992,2 994,3 992,1 2,4 110,0 7,0 45,00 0,0
06/02/2019 0000 23,1 24,0 23,0 66,0 66,0 61,0 16,4 16,4 15,9 994,1 994,1 992,2 2,2 110,0 4,6 0,0 0,0
06/02/2019 0100 22,2 23,1 22,2 68,0 68,0 65,0 16,0 16,4 16,0 996,3 996,3 994,1 2,1 116,0 4,6 0,0 0,0
06/02/2019 0200 21,5 22,3 21,3 71,0 71,0 67,0 15,9 16,0 15,8 996,1 996,5 996,0 2,0 115,0 4,5 0,0 0,0
06/02/2019 0300 21,0 21,5 21,0 71,0 72,0 70,0 15,6 15,9 15,6 997,6 997,6 996,1 3,2 111,0 6,3 0,0 0,0
06/02/2019 0400 20,7 21,2 20,7 71,0 71,0 69,0 15,2 15,6 15,2 998,6 998,6 997,6 3,3 98,0 7,5 0,0 0,0
06/02/2019 0500 20,1 0,8 20,1 72,0 72,0 69,0 14,9 15,2 14,9 998,4 998,9 998,4 4,5 92,0 8,9 0,0 0,0
06/02/2019 0600 19,3 20,1 19,3 78,0 78,0 72,0 15,3 15,3 14,9 997,2 998,6 997,2 3,4 87,0 8,9 0,0 0,0
06/02/2019 0700 19,0 19,4 19,0 82,0 82,0 78,0 15,8 15,8 15,3 997,7 997,7 997,2 3,3 96,0 7,9 0,0 0,0
06/02/2019 0800 18,3 19,0 18,3 86,0 86,0 82,0 16,0 16,1 15,8 997,0 997,9 996,9 2,4 109,0 7,2 0,0 0,0
06/02/2019 0900 18,1 18,4 18,0 89,0 89,0 87,0 16,2 16,2 16,0 997,6 997,6 997,0 2,4 115,0 5,7 0,0 0,0
06/02/2019 1000 18,6 18,6 18,1 86,0 89,0 86,0 16,2 16,3 16,1 1000,7 1000,7 997,6 2,3 122,0 5,4 59,80 0,0
06/02/2019 1100 20,3 20,9 18,6 76,0 86,0 74,0 16,0 16,8 15,8 1006,6 1006,6 1000,7 3,4 106,0 7,0 523,30 0,0
06/02/2019 1200 22,4 22,4 20,3 70,0 77,0 70,0 16,7 17,3 16,2 1009,2 1009,2 1006,6 3,2 108,0 7,3 1329,80 0,0
06/02/2019 1300 22,8 23,8 21,7 69,0 73,0 66,0 16,8 17,5 16,3 1008,6 1009,4 1008,0 2,9 105,0 6,5 1574,80 0,0
06/02/2019 1400 26,4 26,4 22,6 64,0 72,0 62,0 19,1 19,1 16,5 1009,3 1009,3 1007,4 2,5 96,0 6,2 2815,30 0,0
06/02/2019 1500 27,4 27,4 26,0 61,0 65,0 58,0 19,2 19,4 17,8 1008,3 1010,1 1008,3 2,3 96,0 6,5 3613,50 0,0
06/02/2019 1600 29,2 29,2 27,0 59,0 62,0 55,0 20,5 20,8 17,6 1006,3 1008,5 1006,3 1,6 80,0 5,2 3611,60 0,0
06/02/2019 1700 29,0 29,9 28,2 54,0 60,0 52,0 18,9 20,5 18,3 1004,6 1006,5 1004,6 2,1 79,0 5,8 3820,60 0,0
06/02/2019 1800 29,9 30,6 28,8 50,0 57,0 46,0 18,5 20,2 17,0 1003,5 1004,9 1003,5 2,2 87,0 6,0 3620,60 0,0
06/02/2019 1900 30,3 30,8 29,8 46,0 52,0 41,0 17,4 19,2 15,4 1000,7 1003,5 1000,7 1,8 126,0 5,2 3092,80 0,0
06/02/2019 2000 30,2 31,0 30,1 46,0 51,0 41,0 17,3 19,1 16,0 998,3 1000,8 998,3 1,8 96,0 5,6 2409,10 0,0
06/02/2019 2100 29,6 30,2 28,9 48,0 51,0 45,0 17,5 18,4 16,5 993,5 998,3 993,5 2,3 112,0 5,2 1288,60 0,0
06/02/2019 2200 28,0 29,6 28,0 52,0 53,0 46,0 17,4 18,0 16,8 989,4 993,7 989,4 2,1 119,0 4,4 492,70 0,0
06/02/2019 2300 25,4 28,0 25,2 63,0 64,0 52,0 17,8 17,8 17,4 986,0 989,5 986,0 1,3 118,0 3,4 35,50 0,0
07/02/2019 0000 24,9 25,8 24,7 67,0 67,0 62,0 18,4 18,5 17,7 988,2 988,2 986,0 2,0 113,0 4,3 0,0 0,0
07/02/2019 0100 24,3 24,9 24,3 68,0 70,0 67,0 18,0 18,7 18,0 991,4 991,4 988,2 2,2 91,0 4,7 0,0 0,0
07/02/2019 0200 23,6 24,3 23,6 67,0 69,0 66,0 17,1 18,1 17,1 992,7 992,7 991,4 2,1 85,0 5,4 0,0 0,0
07/02/2019 0300 22,2 23,6 22,2 74,0 74,0 67,0 17,4 17,4 17,1 992,1 993,1 992,0 1,7 71,0 4,4 0,0 0,0
07/02/2019 0400 21,6 22,2 21,6 77,0 77,0 74,0 17,4 17,5 17,3 992,3 992,4 992,1 1,1 79,0 4,1 0,0 0,0
07/02/2019 0500 21,8 22,2 21,2 77,0 79,0 75,0 17,6 17,6 17,3 994,5 994,5 992,2 3,2 99,0 6,4 0,0 0,0
07/02/2019 0600 20,8 21,8 20,7 82,0 83,0 77,0 17,7 17,7 17,5 994,3 995,0 994,2 2,2 91,0 6,5 0,0 0,0
07/02/2019 0700 20,3 20,8 20,3 85,0 85,0 82,0 17,7 17,8 17,6 994,0 994,5 993,9 2,8 106,0 6,4 0,0 0,0
07/02/2019 0800 19,7 20,4 19,7 89,0 89,0 85,0 17,8 17,8 17,7 993,8 994,3 993,7 2,2 114,0 6,4 0,0 0,0
07/02/2019 0900 19,9 20,0 19,7 88,0 89,0 88,0 17,8 17,9 17,7 994,6 994,6 993,8 2,4 116,0 5,4 0,0 0,0
07/02/2019 1000 20,2 20,3 19,6 86,0 89,0 86,0 17,9 17,9 17,6 996,9 996,9 994,6 1,5 130,0 4,4 75,20 0,0
07/02/2019 1100 22,7 22,7 20,2 77,0 86,0 77,0 18,5 18,7 17,9 1002,0 1002,0 996,9 2,0 103,0 4,2 503,70 0,0
07/02/2019 1200 24,6 24,7 22,6 70,0 78,0 69,0 18,7 19,1 18,3 1006,3 1006,3 1002,0 2,1 98,0 5,0 1602,20 0,0
07/02/2019 1300 27,5 27,5 24,6 61,0 71,0 60,0 19,2 20,0 18,5 1007,6 1007,6 1006,3 1,8 64,0 5,0 2412,80 0,0
07/02/2019 1400 29,8 29,9 27,3 55,0 66,0 54,0 19,7 21,2 18,8 1007,6 1008,1 1007,4 1,3 59,0 3,9 3079,10 0,0
07/02/2019 1500 30,3 30,9 29,6 52,0 59,0 48,0 19,2 21,2 18,6 1005,0 1008,0 1005,0 1,4 345,0 4,0 3533,50 0,0
07/02/2019 1600 31,4 31,9 30,3 47,0 56,0 44,0 18,6 20,8 17,4 1002,1 1005,0 1002,1 1,5 93,0 3,8 3862,50 0,0
07/02/2019 1700 31,5 33,1 31,0 42,0 50,0 36,0 16,9 20,1 15,1 1000,8 1002,4 1000,8 1,6 129,0 3,4 3651,30 0,0
07/02/2019 1800 31,6 32,4 31,0 39,0 48,0 37,0 16,1 19,1 15,9 998,0 1000,8 997,3 2,3 212,0 4,0 2812,60 0,0
07/02/2019 1900 31,1 32,5 31,1 43,0 47,0 36,0 17,2 19,0 15,5 992,5 998,0 992,5 1,4 95,0 4,0 1673,60 0,0
07/02/2019 2000 32,3 32,5 30,0 39,0 53,0 35,0 16,6 18,8 15,2 994,3 994,3 990,5 1,6 179,0 2,9 1843,30 0,0
07/02/2019 2100 31,5 32,5 30,7 46,0 48,0 36,0 18,4 18,5 15,1 991,9 994,8 991,7 1,2 124,0 3,2 1181,50 0,0
07/02/2019 2200 29,3 31,5 29,3 54,0 54,0 43,0 19,0 19,7 17,1 987,1 992,1 987,1 0,9 101,0 4,1 400,20 0,0
07/02/2019 2300 26,8 29,3 26,8 61,0 62,0 53,0 18,7 19,2 18,0 982,6 987,1 982,6 1,3 106,0 2,6 34,40 0,0
08/02/2019 0000 25,9 27,0 25,9 64,0 64,0 58,0 18,4 18,7 18,0 984,6 984,6 982,5 1,3 83,0 3,5 0,0 0,0
08/02/2019 0100 25,4 25,9 24,9 66,0 68,0 63,0 18,6 18,6 18,4 987,7 987,7 984,6 1,8 87,0 4,5 0,0 0,0
08/02/2019 0200 24,1 25,4 24,1 73,0 73,0 66,0 19,0 19,0 18,6 989,5 989,5 987,7 1,5 71,0 4,5 0,0 0,0
08/02/2019 0300 23,5 24,1 23,4 75,0 76,0 73,0 18,9 19,0 18,8 990,1 990,1 989,5 1,3 89,0 3,5 0,0 0,0
08/02/2019 0400 21,4 23,6 21,4 86,0 86,0 75,0 18,9 19,2 18,6 989,7 990,6 989,6 1,1 150,0 2,7 0,0 0,0
08/02/2019 0500 21,6 22,0 21,1 84,0 88,0 83,0 18,8 19,3 18,8 990,6 990,6 989,7 1,3 120,0 2,3 0,0 0,0
08/02/2019 0600 21,8 22,0 20,6 83,0 89,0 83,0 18,7 19,3 18,5 992,1 992,1 990,6 2,0 130,0 3,9 0,0 0,0
08/02/2019 0700 21,5 22,0 21,0 84,0 86,0 83,0 18,7 19,1 18,2 994,1 994,1 992,1 1,3 122,0 3,8 0,0 0,0
08/02/2019 0800 21,0 21,5 20,6 86,0 88,0 84,0 18,5 18,9 18,2 993,4 994,3 993,3 1,8 122,0 3,6 0,0 0,0
08/02/2019 0900 19,9 21,2 19,9 90,0 90,0 85,0 18,2 18,6 18,1 993,0 993,9 993,0 0,9 148,0 3,9 0,0 0,0
08/02/2019 1000 20,9 20,9 19,6 88,0 92,0 88,0 18,8 18,9 18,1 995,1 995,1 993,0 2,1 123,0 4,0 51,80 0,0
08/02/2019 1100 23,0 23,0 20,9 80,0 88,0 79,0 19,4 19,5 18,8 1001,4 1001,4 995,1 2,8 118,0 5,1 484,00 0,0
08/02/2019 1200 25,9 25,9 23,0 70,0 80,0 69,0 20,0 20,1 19,4 1006,5 1006,5 1001,4 2,9 106,0 5,5 1553,80 0,0
08/02/2019 1300 28,3 28,5 25,7 59,0 70,0 58,0 19,5 20,7 19,4 1008,0 1008,0 1006,5 2,1 92,0 5,0 2383,20 0,0
08/02/2019 1400 30,4 30,4 28,2 57,0 63,0 54,0 21,0 21,8 19,4 1007,2 1008,4 1007,1 1,5 82,0 4,1 3048,50 0,0
08/02/2019 1500 31,5 31,9 30,3 52,0 60,0 47,0 20,4 22,0 19,2 1004,8 1007,3 1004,8 1,5 58,0 3,8 3486,50 0,0
08/02/2019 1600 32,3 33,0 31,5 48,0 53,0 43,0 19,8 21,5 18,7 1002,1 1004,9 1002,1 1,2 15,0 3,0 3359,30 0,0
08/02/2019 1700 33,3 34,0 32,3 42,0 50,0 38,0 18,7 21,7 16,9 1000,9 1002,4 1000,9 1,5 31,0 4,4 3693,20 0,0
08/02/2019 1800 34,4 34,5 33,3 40,0 46,0 37,0 18,8 20,1 17,1 998,9 1000,9 998,9 1,3 272,0 3,6 2962,00 0,0
08/02/2019 1900 33,5 34,6 33,5 38,0 44,0 34,0 17,1 19,5 16,1 995,2 998,9 995,2 1,0 314,0 3,4 1786,00 0,0
08/02/2019 2000 32,9 33,6 32,9 49,0 50,0 38,0 20,7 20,7 17,7 991,0 995,2 991,0 0,7 265,0 2,6 1104,40 0,0
08/02/2019 2100 32,8 33,8 31,7 49,0 57,0 40,0 20,8 22,9 18,2 991,4 991,4 990,2 0,7 180,0 2,2 1074,40 0,0
08/02/2019 2200 30,3 33,6 30,3 55,0 55,0 40,0 20,2 21,6 17,7 985,2 991,8 985,2 0,6 212,0 2,0 424,70 0,0
08/02/2019 2300 27,1 30,3 26,9 70,0 71,0 54,0 21,1 21,2 20,0 980,8 985,2 980,8 1,0 115,0 2,0 23,00 0,0
09/02/2019 0000 26,2 27,3 26,2 69,0 72,0 63,0 20,0 21,2 19,6 983,2 983,2 980,8 1,1 124,0 2,1 0,0 0,0
09/02/2019 0100 25,2 26,4 25,0 72,0 73,0 66,0 19,7 20,2 19,6 986,4 986,4 983,2 0,7 112,0 2,7 0,0 0,0
09/02/2019 0200 24,2 25,2 24,2 75,0 76,0 72,0 19,5 19,9 19,4 988,5 988,5 986,4 1,3 106,0 2,5 0,0 0,0
09/02/2019 0300 24,5 24,8 24,2 73,0 75,0 72,0 19,4 19,6 19,2 991,3 991,3 988,5 1,6 111,0 2,9 0,0 0,0
09/02/2019 0400 23,9 24,5 23,1 78,0 81,0 73,0 19,7 20,0 19,2 991,8 991,8 991,3 1,5 134,0 2,9 0,0 0,0
09/02/2019 0500 23,2 23,9 22,5 81,0 85,0 78,0 19,8 20,1 19,5 992,3 992,5 991,8 1,1 144,0 2,7 0,0 0,0
09/02/2019 0600 23,2 23,5 22,4 82,0 85,0 80,0 19,9 20,1 19,6 992,7 992,7 992,3 1,0 112,0 2,5 0,0 0,0
09/02/2019 0700 22,4 23,3 22,4 86,0 86,0 82,0 19,9 20,3 19,6 994,1 994,3 992,7 0,7 135,0 2,7 0,0 0,0
09/02/2019 0800 22,7 23,5 22,2 80,0 86,0 77,0 19,0 20,0 19,0 994,4 994,4 993,4 1,6 126,0 3,7 0,0 0,0
09/02/2019 0900 22,0 23,0 22,0 83,0 83,0 78,0 19,0 19,2 18,8 993,8 994,6 993,8 0,8 125,0 3,8 0,0 0,0
09/02/2019 1000 22,6 22,8 21,9 84,0 85,0 83,0 19,7 19,8 19,0 995,1 995,1 993,5 1,5 106,0 4,1 72,20 0,0
09/02/2019 1100 24,7 24,9 22,6 78,0 86,0 77,0 20,6 21,0 19,7 1000,7 1000,7 995,1 1,6 68,0 3,2 491,00 0,0
09/02/2019 1200 28,2 28,3 24,7 68,0 81,0 67,0 21,8 22,6 20,6 1006,9 1006,9 1000,7 1,5 71,0 3,4 1278,10 0,0
09/02/2019 1300 30,1 30,6 28,0 64,0 69,0 60,0 22,6 22,9 21,1 1008,8 1009,2 1006,9 1,4 60,0 4,4 2147,90 0,0
09/02/2019 1400 32,8 32,8 30,1 56,0 66,0 56,0 23,0 23,9 21,5 1006,3 1009,0 1006,2 1,4 52,0 3,4 2353,40 0,0
09/02/2019 1500 33,4 34,1 32,8 50,0 58,0 46,0 21,5 23,5 20,4 1003,8 1006,7 1003,8 1,7 360,0 5,9 2800,30 0,0
09/02/2019 1600 34,9 35,0 33,3 43,0 52,0 42,0 20,3 22,1 20,3 999,4 1003,8 999,3 2,5 333,0 5,5 2639,90 0,0
09/02/2019 1700 35,7 35,8 34,5 37,0 44,0 37,0 18,7 21,3 18,6 996,6 999,6 996,5 2,5 293,0 7,9 2921,30 0,0
09/02/2019 1800 35,8 36,0 35,0 36,0 42,0 35,0 18,3 20,4 17,7 996,7 996,8 995,9 2,5 287,0 8,9 2978,20 0,0
09/02/2019 1900 33,6 35,8 33,6 43,0 46,0 36,0 19,3 20,7 18,1 991,7 997,1 991,7 2,1 300,0 6,5 1539,80 0,0
09/02/2019 2000 33,3 34,3 33,3 40,0 47,0 39,0 17,9 20,7 17,4 990,2 991,6 990,2 1,5 285,0 5,7 1429,50 0,0
09/02/2019 2100 32,8 33,3 32,7 46,0 48,0 39,0 19,5 20,2 17,4 988,9 990,2 988,8 0,8 287,0 4,3 825,90 0,0
09/02/2019 2200 29,8 32,8 29,8 63,0 65,0 45,0 22,0 22,6 19,3 984,3 989,0 984,3 0,3 359,0 1,8 313,10 0,0
09/02/2019 2300 29,1 29,8 28,4 60,0 65,0 59,0 20,6 22,3 20,3 981,7 984,3 981,4 0,8 324,0 1,2 26,10 0,0
10/02/2019 0000 27,9 29,4 27,9 63,0 63,0 58,0 20,1 20,7 20,0 986,1 986,1 981,7 0,6 268,0 1,7 0,0 0,0
10/02/2019 0100 26,5 27,9 26,5 71,0 71,0 63,0 20,8 20,8 19,9 988,2 988,2 986,1 0,5 157,0 1,5 0,0 0,0
10/02/2019 0200 26,3 26,7 26,3 74,0 74,0 70,0 21,3 21,3 20,5 989,9 989,9 988,2 0,3 82,0 1,2 0,0 0,0
10/02/2019 0300 25,4 26,3 25,4 82,0 82,0 74,0 22,0 22,0 21,1 990,7 990,7 989,9 0,3 137,0 1,3 0,0 0,0
10/02/2019 0400 24,8 25,3 24,5 87,0 88,0 82,0 22,5 22,5 21,9 990,6 991,0 990,5 0,7 114,0 1,3 0,0 0,0
10/02/2019 0500 25,2 25,3 24,8 81,0 87,0 81,0 21,8 22,6 21,8 992,2 992,2 990,6 0,7 275,0 1,5 0,0 0,0
10/02/2019 0600 25,8 25,8 24,2 78,0 87,0 78,0 21,6 22,3 21,6 993,5 993,5 992,2 1,5 286,0 3,8 0,0 0,0
10/02/2019 0700 25,1 25,9 25,1 77,0 78,0 76,0 20,8 21,6 20,8 993,5 994,2 993,5 1,4 244,0 4,1 0,0 0,0
10/02/2019 0800 23,8 25,1 23,8 77,0 79,0 76,0 19,6 20,8 19,6 991,4 993,6 991,4 1,2 187,0 3,5 0,0 0,0
10/02/2019 0900 22,8 23,9 22,8 83,0 83,0 76,0 19,7 19,7 19,4 990,0 991,5 989,9 0,6 65,0 1,9 0,0 0,0
10/02/2019 1000 23,3 23,3 22,7 83,0 83,0 81,0 20,1 20,1 19,5 992,3 992,3 990,0 0,8 71,0 1,7 45,50 0,0
10/02/2019 1100 25,2 25,2 23,3 80,0 86,0 80,0 21,6 21,9 20,1 997,9 997,9 992,4 1,0 6,0 2,5 336,70 0,0
10/02/2019 1200 26,2 26,3 25,2 76,0 82,0 76,0 21,7 22,6 21,4 1000,4 1000,6 997,9 0,5 35,0 2,5 500,80 0,0
10/02/2019 1300 27,1 27,2 25,9 72,0 81,0 72,0 21,8 22,9 21,8 1000,7 1000,7 999,7 0,9 22,0 1,7 694,50 0,0
10/02/2019 1400 30,7 31,0 27,1 53,0 75,0 53,0 20,1 22,8 20,0 1004,3 1004,3 1000,7 1,2 360,0 3,0 2433,00 0,0
10/02/2019 1500 32,1 32,7 30,6 48,0 55,0 45,0 19,6 21,7 18,7 1003,8 1004,9 1003,8 1,6 286,0 4,2 3435,90 0,0
10/02/2019 1600 33,4 34,0 32,1 43,0 50,0 42,0 19,2 20,6 18,2 1001,5 1003,8 1000,5 2,2 333,0 5,2 3399,40 0,0
10/02/2019 1700 33,2 34,0 32,0 44,0 48,0 38,0 19,3 20,0 17,2 996,5 1001,8 996,4 3,0 333,0 6,9 2570,20 0,0
10/02/2019 1800 33,4 33,9 32,3 43,0 48,0 40,0 19,1 20,8 17,7 994,1 997,1 994,1 3,2 320,0 8,7 2767,40 0,0
10/02/2019 1900 33,3 34,3 32,0 44,0 50,0 40,0 19,4 20,9 18,1 991,9 994,1 991,9 2,9 311,0 8,7 2885,10 0,0
10/02/2019 2000 32,3 33,5 30,6 50,0 56,0 43,0 20,4 21,7 19,5 988,5 991,9 987,8 2,7 330,0 7,8 1964,60 0,0
10/02/2019 2100 31,0 32,6 30,9 53,0 55,0 48,0 20,4 21,3 20,1 987,6 989,4 987,6 2,5 315,0 7,8 1470,90 0,0
10/02/2019 2200 29,9 31,4 29,8 58,0 58,0 53,0 20,6 21,0 20,3 983,5 987,6 983,5 1,4 340,0 6,3 443,90 0,0
10/02/2019 2300 26,9 29,9 26,9 72,0 72,0 58,0 21,4 21,4 20,6 980,4 983,6 980,4 0,3 46,0 3,5 37,20 0,0
11/02/2019 0000 26,4 26,9 26,3 74,0 75,0 72,0 21,5 21,7 21,4 982,5 982,5 980,4 0,6 63,0 2,0 0,0 0,0
11/02/2019 0100 25,9 26,7 25,8 76,0 76,0 73,0 21,3 21,5 21,3 986,0 986,0 982,6 0,8 37,0 3,0 0,0 0,0
11/02/2019 0200 25,1 25,9 25,1 81,0 81,0 76,0 21,6 21,7 21,3 987,4 987,4 986,0 0,6 17,0 2,8 0,0 0,0
11/02/2019 0300 25,1 25,2 24,9 81,0 81,0 80,0 21,6 21,7 21,5 989,1 989,1 987,5 1,0 33,0 4,0 0,0 0,0
11/02/2019 0400 24,1 25,2 24,1 86,0 86,0 81,0 21,5 21,7 21,5 989,2 989,6 989,1 0,5 46,0 2,9 0,0 0,0
11/02/2019 0500 23,5 24,1 23,5 89,0 89,0 86,0 21,6 21,8 21,5 988,7 989,4 988,6 0,3 139,0 1,4 0,0 0,0
11/02/2019 0600 23,0 23,7 23,0 92,0 92,0 89,0 21,6 21,8 21,4 988,6 989,0 988,5 0,4 25,0 1,4 0,0 0,0
11/02/2019 0700 22,9 23,1 22,9 92,0 92,0 92,0 21,6 21,7 21,5 989,2 989,2 988,6 0,6 31,0 1,8 0,0 0,0
11/02/2019 0800 22,8 23,1 22,7 93,0 93,0 92,0 21,6 21,7 21,5 989,9 989,9 989,2 0,4 345,0 1,8 0,0 0,0
11/02/2019 0900 22,7 22,9 22,6 93,0 93,0 92,0 21,5 21,6 21,3 990,0 990,2 989,9 0,6 31,0 1,8 0,0 0,0
11/02/2019 1000 23,4 23,4 22,7 90,0 93,0 90,0 21,7 21,7 21,4 991,8 991,8 990,0 0,7 2,0 2,0 50,20 0,0
11/02/2019 1100 26,1 26,1 23,4 79,0 90,0 79,0 22,1 22,6 21,7 999,2 999,2 991,8 1,1 16,0 3,7 511,40 0,0
11/02/2019 1200 28,3 28,3 26,1 74,0 80,0 72,0 23,2 23,2 22,1 1003,1 1003,1 999,2 2,7 354,0 8,2 1551,40 0,0
11/02/2019 1300 29,8 30,0 27,9 66,0 74,0 66,0 22,7 23,5 22,3 1002,8 1003,4 1002,4 4,2 337,0 8,4 2439,10 0,0
11/02/2019 1400 31,1 31,6 29,7 63,0 69,0 62,0 23,1 24,3 22,6 999,9 1003,4 999,4 2,7 327,0 8,3 2170,20 0,0
11/02/2019 1500 31,6 31,9 30,7 62,0 64,0 60,0 23,3 23,8 22,7 996,3 1000,6 996,3 2,1 320,0 8,0 1713,40 0,0
11/02/2019 1600 30,6 31,6 30,6 66,0 66,0 60,0 23,5 23,8 22,7 991,1 996,3 991,1 1,2 293,0 6,7 728,50 0,0
11/02/2019 1700 20,8 30,6 20,6 96,0 96,0 60,0 20,2 23,4 17,4 971,4 991,1 971,2 3,1 236,0 18,2 51,20 18,6
11/02/2019 1800 21,2 21,2 20,6 96,0 96,0 96,0 20,5 20,5 20,1 978,7 978,7 971,4 1,2 45,0 10,7 88,00 2,8
11/02/2019 1900 22,1 22,1 20,9 93,0 96,0 93,0 20,9 21,1 20,3 987,4 987,4 978,7 1,9 343,0 3,9 296,90 0,2
11/02/2019 2000 22,7 22,8 22,1 93,0 93,0 91,0 21,4 21,5 20,9 993,1 993,1 987,4 0,9 13,0 4,2 557,20 0,0
11/02/2019 2100 22,7 22,9 22,4 90,0 93,0 88,0 20,9 21,6 20,6 993,2 994,39 93,1 1,4 192,0 4,4 465,00 0,0
11/02/2019 2200 22,4 22,7 22,3 91,0 91,0 88,0 20,8 20,9 20,5 991,89 93,4 991,8 1,1 352,0 2,8 158,80 0,0
11/02/2019 2300 21,7 22,4 21,7 92,0 93,0 91,0 20,4 20,8 20,4 991,5 992,1 991,4 0,8 19,0 2,7 40,30 0,0
