-29.709083 -55.525486 12.4
-31.347801 -54.013292 13.0
-30.545317 -53.467050 12.8
-30.807953 -51.834240 16.0
-29.049125 -50.149636  8.9
-29.674293 -51.064042 17.9
-29.368788 -50.827231 10.9
-31.403299 -52.700699 13.1
-31.802501 -52.407222 17.4
-28.603440 -53.673597 10.3
-31.002528 -54.618139 13.6
-30.543164 -52.524669 13.5
-27.657710 -52.305805 10.2
-27.395686 -53.429421 12.1
-28.653458 -53.111881 12.2
-32.534825 -53.375860 15.9
-28.222381 -51.512845 10.2
-31.248279 -50.906279 18.2
-27.920379 -53.318049 11.1
-28.226805 -52.403582 11.0
-30.053536 -51.174766 16.9
-30.368578 -56.437115 14.1
-32.078780 -52.167738 16.2
-29.872113 -52.381980 14.9
-29.724960 -53.720469 13.8
-30.842449 -55.613089 13.2
-27.890463 -54.480014 12.3
-33.742297 -53.372218 19.2
-29.191599 -54.885653 11.8
-27.854345 -53.791179 11.9
-28.650092 -56.016291 13.0
-30.341438 -54.310909 14.5
-28.748615 -50.057869  7.2
-28.417113 -54.962403 13.4
-29.702111 -54.694319 13.3
-28.704806 -51.870751 11.8
-28.859211 -52.542387  9.6
-29.450334 -51.824283 16.6
-30.010268 -50.135887 18.0
-29.089381 -53.826650 11.3
-29.839870 -57.081899 13.1
