04/04/2022 1200 19.9 19.0  97.0  96.0 19.3 18.4 1003.4  999.9 1.8 172.0 3.8  523.70 0.0
04/04/2022 1200 18.5 17.9  97.0  97.0 18.1 17.5  988.9  988.2 1.4 171.0 3.4  347.10 0.0
04/04/2022 1200 17.4 16.6  96.0  95.0 16.7 16.0  943.3  942.9 1.5  76.0 5.6  224.40 0.0
04/04/2022 1200 17.9 17.3 100.0 100.0 17.8 17.2  966.2  965.8 1.2  50.0 2.0  308.70 0.0
04/04/2022 1200 16.3 15.1 100.0 100.0 16.3 15.1  901.7  901.2 3.4 350.0 6.1  269.80 0.0
04/04/2022 1200 19.2 18.9  80.0  80.0 18.2 18.0 1012.1 1011.1 0.7 231.0 2.5 3141.40 0.0
04/04/2022 1200 17.3 16.8  90.0  90.0 16.3 15.1  962.4  961.9 1.9 188.0 3.2  231.90 0.2
04/04/2022 1200 19.9 18.8  96.0  91.0 18.6 18.1 1013.3 1012.6 1.9 248.0 3.4  520.80 0.0


