86973 2020  5  2 23 16.5  6.1  998.9  20  7
86973 2020  5  2 22 16.8  5.6  997.6 100  3
86973 2020  5  2 21 20.2  4.5 1019.1 150  3
86973 2020  5  2 20 22.9  4.2 1019.0 200  3
86973 2020  5  2 19 23.5  3.9 1019.0 240  5
86973 2020  5  2 18 23.0  4.3 1019.3 140  7
86973 2020  5  2 17 22.7  3.4 1020.1 130  7
86973 2020  5  2 16 22.0  4.5 1021.0 130  7
86973 2020  5  2 15 20.8  6.2 1022.2 120  7
86973 2020  5  2 14 19.1  8.2 1022.8 110 11
86973 2020  5  2 13 16.9 10.4 1022.9 130  9
86973 2020  5  2 12 14.5 11.3 1022.7 130  5
86973 2020  5  2 11 11.7 10.0 1022.3 130  7
86973 2020  5  2 10 10.3  8.8 1021.7 140  5
86973 2020  5  2  9 11.1  8.7 1021.2 140  5
86973 2020  5  2  8 12.6  9.2 1021.0 150  5
86973 2020  5  2  7 12.5  9.2 1020.9 170  5
86973 2020  5  2  6 11.5  8.8 1021.1 170  3
86973 2020  5  2  5 12.4  8.6 1021.3 170  3
86973 2020  5  2  4 12.3  8.9 1021.7 180  1
86973 2020  5  2  3 13.6  9.4 1021.9 170  3
86973 2020  5  2  2 13.8  9.0 1022.1 180  3
86973 2020  5  2  1 14.8  8.4 1021.9 170  3
86973 2020  5  2  0 17.4  8.5 1021.4 170  5
86973 2020  5  1 23 17.9  9.3 1020.9 180  1
86973 2020  5  1 22 19.9  8.8 1020.2 180  3
86973 2020  5  1 21 22.2  6.8 1019.7 170  3
86973 2020  5  1 20 24.6  6.1 1019.6 190  3
86973 2020  5  1 19 25.4  6.4 1019.6 190  5
86973 2020  5  1 18 25.5  7.4 1020.0 200  3
86973 2020  5  1 17 24.9  6.3 1020.6 180  5
86973 2020  5  1 16 24.9  7.2 1021.3 100  3
86973 2020  5  1 15 23.8  7.7 1022.1 160  3
86973 2020  5  1 14 22.1  9.8 1022.6 120  5
86973 2020  5  1 13 19.8 11.0 1022.2 110  7
86973 2020  5  1 12 16.2 12.0 1022.2 140  1
86973 2020  5  1 11 14.0 11.5 1021.2 150  3
86973 2020  5  1 10 13.5 10.7 1020.5 150  1
86973 2020  5  1  9 15.0 10.7 1020.0 310  1
86973 2020  5  1  8 16.0 10.8 1019.9 140  3
86973 2020  5  1  7 15.8 11.0 1019.5 130  3
86973 2020  5  1  6 16.7 11.0 1020.1 140  5
86973 2020  5  1  5 17.2 10.8 1020.1 140  7
86973 2020  5  1  4 17.7 11.0 1020.2 130  7
86973 2020  5  1  3 17.5 10.5 1020.5 160  5
86973 2020  5  1  2 17.8 10.4 1020.2 150  5
86973 2020  5  1  1 17.3 10.2 1020.3 150  5
86973 2020  5  1  0 18.1  9.9 1019.9 160  5
