202005022300 AAXX 02231 86973 26/// /0204 10165 20061 30110 49989
202005022200 AAXX 02221 86973 26/// /1002 10168 20056 30107 49976
202005022100 AAXX 02211 86973 26/// /1502 10202 20045 30103 40191
202005022000 AAXX 02201 86973 26/// /2002 10229 20042 30103 40190
202005021900 AAXX 02191 86973 26/// /2403 10235 20039 30103 40190
202005021800 AAXX 02181 86973 26/// /1404 10230 20043 30106 40193
202005021700 AAXX 02171 86973 26/// /1304 10227 20034 30114 40201
202005021600 AAXX 02161 86973 26/// /1304 10220 20045 30123 40210
202005021500 AAXX 02151 86973 26/// /1204 10208 20062 30134 40222
202005021400 AAXX 02141 86973 26/// /1106 10191 20082 30140 40228
202005021300 AAXX 02131 86973 26/// /1305 10169 20104 30140 40229
202005021200 AAXX 02121 86973 26/// /1303 10145 20113 30137 40227
202005021100 AAXX 02111 86973 26/// /1304 10117 20100 30132 40223
202005021000 AAXX 02101 86973 26/// /1403 10103 20088 30126 40217
202005020900 AAXX 02091 86973 26/// /1403 10111 20087 30121 40212
202005020800 AAXX 02081 86973 26/// /1503 10126 20092 30120 40210
202005020700 AAXX 02071 86973 26/// /1703 10125 20092 30119 40209
202005020600 AAXX 02061 86973 26/// /1702 10115 20088 30120 40211
202005020500 AAXX 02051 86973 26/// /1702 10124 20086 30123 40213
202005020400 AAXX 02041 86973 26/// /1801 10123 20089 30127 40217
202005020300 AAXX 02031 86973 26/// /1702 10136 20094 30129 40219
202005020200 AAXX 02021 86973 26/// /1802 10138 20090 30131 40221
202005020100 AAXX 02011 86973 26/// /1702 10148 20084 30129 40219
202005020000 AAXX 02001 86973 26/// /1703 10174 20085 30125 40214
202005012300 AAXX 01231 86973 26/// /1801 10179 20093 30120 40209
202005012200 AAXX 01221 86973 26/// /1802 10199 20088 30114 40202
202005012100 AAXX 01211 86973 26/// /1702 10222 20068 30110 40197
202005012000 AAXX 01201 86973 26/// /1902 10246 20061 30109 40196
202005011900 AAXX 01191 86973 26/// /1903 10254 20064 30110 40196
202005011800 AAXX 01181 86973 26/// /2002 10255 20074 30114 40200
202005011700 AAXX 01171 86973 26/// /1803 10249 20063 30119 40206
202005011600 AAXX 01161 86973 26/// /1002 10249 20072 30126 40213
202005011500 AAXX 01151 86973 26/// /1602 10238 20077 30134 40221
202005011400 AAXX 01141 86973 26/// /1203 10221 20098 30138 40226
202005011300 AAXX 01131 86973 26/// /1104 10198 20110 30134 40222
202005011200 AAXX 01121 86973 26/// /1401 10162 20120 30133 40222
202005011100 AAXX 01111 86973 26/// /1502 10140 20115 30122 40212
202005011000 AAXX 01101 86973 26/// /1501 10135 20107 30115 40205
202005010900 AAXX 01091 86973 26/// /3101 10150 20107 30111 40200
202005010800 AAXX 01081 86973 26/// /1402 10160 20108 30110 40199
202005010700 AAXX 01071 86973 26/// /1302 10158 20110 30106 40195
202005010600 AAXX 01061 86973 26/// /1403 10167 20110 30112 40201
202005010500 AAXX 01051 86973 26/// /1404 10172 20108 30112 40201
202005010400 AAXX 01041 86973 26/// /1304 10177 20110 30113 40202
202005010300 AAXX 01031 86973 26/// /1603 10175 20105 30116 40205
202005010200 AAXX 01021 86973 26/// /1503 10178 20104 30113 40202
202005010100 AAXX 01011 86973 26/// /1503 10173 20102 30114 40203
202005010000 AAXX 01001 86973 26/// /1603 10181 20099 30110 40199
